	TCGA.3X.AAV9.01A	TCGA.3X.AAVA.01A	TCGA.3X.AAVB.01A	TCGA.3X.AAVC.01A	TCGA.3X.AAVE.01A	TCGA.4G.AAZO.01A	TCGA.4G.AAZT.01A	TCGA.W5.AA2G.01A	TCGA.W5.AA2H.01A	TCGA.W5.AA2I.01A	TCGA.W5.AA2I.11A	TCGA.W5.AA2O.01A	TCGA.W5.AA2Q.01A	TCGA.W5.AA2Q.11A	TCGA.W5.AA2R.11A	TCGA.W5.AA2T.01A	TCGA.W5.AA2U.01A	TCGA.W5.AA2U.11A	TCGA.W5.AA2W.01A	TCGA.W5.AA2X.01A	TCGA.W5.AA2X.11A	TCGA.W5.AA2Z.01A	TCGA.W5.AA30.01A	TCGA.W5.AA30.11A	TCGA.W5.AA31.01A	TCGA.W5.AA31.11A	TCGA.W5.AA33.01A	TCGA.W5.AA34.01A	TCGA.W5.AA34.11A	TCGA.W5.AA36.01A	TCGA.W5.AA38.01A	TCGA.W5.AA39.01A	TCGA.W6.AA0S.01A	TCGA.WD.A7RX.01A	TCGA.YR.A95A.01A	TCGA.ZD.A8I3.01A	TCGA.ZH.A8Y1.01A	TCGA.ZH.A8Y2.01A	TCGA.ZH.A8Y4.01A	TCGA.ZH.A8Y5.01A	TCGA.ZH.A8Y6.01A	TCGA.ZH.A8Y8.01A	TCGA.ZU.A8S4.01A	TCGA.ZU.A8S4.11A
hsa-let-7a-1	39482.418	47110.325	46150.747	25168.106	39275.236	34081.794	37835.198	24048.027	32014.377	35563.956	30057.125	26100.982	59875.47	39713.001	36820.981	40786.756	23480.795	30896.667	64605.532	35541.106	27189.613	52403.486	24911.329	25818.64	28558.128	29111.557	34843.383	35153.706	25761.307	37336.728	35548.032	33009.048	42999.083	30898.571	42672.557	24288.71	47741.102	34801.482	36166.745	59710.307	37804.627	39878.223	45942.257	39993.834
hsa-let-7a-2	39469.322	47003.095	45792.541	25091.163	39189.097	33723.94	37551.618	23756.285	32223.396	35418.955	29545.875	25573.262	60181.435	39718.061	36695.232	40543.32	23357.973	30876.872	64428.368	35111.286	27101.657	52609.811	25119.32	25705.136	28815.774	29312.242	34479.453	35019.937	25917.372	37484.774	35263.177	32716.983	43268.708	30736.836	42565.213	24760.863	48041.021	34786.571	36237.528	59306.076	38307.76	39955.802	46449.548	39992.515
hsa-let-7a-3	39708.124	47277.65	46199.955	25188.055	39432.626	33837.888	37575.137	24165.902	32361.26	35527.586	29899.631	26436.804	60482.466	39696.373	36751.77	40656.79	23650.726	30826.149	64862.903	35518.148	27081.628	52349.19	25414.468	25854.11	28797.516	29262.408	34564.766	35422.386	26077.94	37747.967	35634.937	33134.487	43126.368	31194.782	43044.067	24650.319	48080.073	35385.379	36443.028	59734.189	38410.341	39962.092	46109.555	39974.72
hsa-let-7b	45393.919	41253.939	89590.704	49262.804	100965.814	98598.1	82289.524	42747.463	53655.629	62148.869	49649.379	42437.731	236654.426	57694.241	52330.964	77918.974	28430.673	51315.882	137226.598	105086.425	44215.56	63175.802	36967.85	43413.198	36830.187	41345.306	79202.958	46463.442	39952.76	47267.207	68133.567	46809.156	48610.575	38977.122	89307.613	65748.236	161811.289	120810.052	64998.305	216272.402	22321.057	49797.327	97894.298	51077.637
hsa-let-7c	10035.07	3824.915	7056.306	721.939	5018.408	2402.328	7161.425	6953.167	6548.522	4194.495	22017.662	3389.261	6347.55	24000.29	28499.145	1699.552	4255.011	27478.412	2741.183	2785.537	16963.246	11145.477	3983.515	18943.128	4449.972	21354.85	6736.495	5960.135	19817.313	3484.778	1852.043	6713.768	4027.956	6811.024	9048.756	3713.52	10865.836	4890.917	4631.727	3261.268	4583.156	4653.167	6091.815	26131.335
hsa-let-7d	946.734	2988.289	1660.052	2581.88	2505.482	1240.245	2452.773	2117.334	1914.525	1177.713	2161.302	1585.982	3475.422	1487.051	2224.485	2351.88	2328.563	1715.932	1952.321	2508.769	1518.759	1660.469	1926.389	1924.604	2239.694	2141.546	1315.334	1831.601	2666.619	3149.46	1605.812	2480.687	2470.425	1441.982	1764.465	2090.963	1854.971	3280.493	1720.486	3713.264	724.17	858.611	1783.075	1705.708
hsa-let-7e	6487.707	7263.333	4666.092	5499.082	2801.12	4160.52	4267.825	6101.518	2131.327	4999.895	2030.461	1902.05	4135.469	2304.676	1552.851	7252.589	5880.294	1688.714	3883.489	3818.635	1922.832	6073.248	3209.988	1620.271	9078.47	1403.453	1751.618	7955.231	1557.653	6829.102	5308.934	1673.762	4732.814	3966.131	6854.076	4631.596	5817.971	4182.237	4573.502	6710.941	4086.129	6866.265	4292.549	2324.587
hsa-let-7f-1	20417.557	22679.65	14763.174	9693.924	9988.961	10240.265	13092.432	7853.439	12689.011	12861.044	10108.692	10678.572	10821.061	13719.615	13825.536	13638.407	8871.756	10289.404	17809.754	11496.717	9436.508	19439.923	7795.685	7845.972	14344.997	10159.548	8768.891	18800.779	9332.415	12526.98	13481.872	7932.581	20643.447	12992.374	14237.324	7437.346	10311.297	9460.849	12372.203	11543.138	6292.833	18859.034	11424.851	16663.603
hsa-let-7f-2	20698.727	23642.36	15169.865	9817.414	9913.456	10268.517	13554.09	7956.58	12881.353	13268.29	10232.264	10991.818	10944.434	14345.665	14318.783	14087.289	8877.645	10467.554	17945.491	11603.853	9673.378	20020.396	8024.475	8219.826	14855.217	10407.375	9004.312	19950.96	9767.598	12947.077	14036.133	8172.225	21214.177	13803.773	14542.583	7604.098	10384.715	9597.405	12519.478	11601.517	6538.294	19322.411	11404.344	17014.235
hsa-let-7g	2297.89	3545.647	2148.515	2368.148	2974.462	2674.485	2667.811	2482.748	5483.414	2037.668	3804.086	2511.609	4086.12	2927.834	3136.894	1909.997	2421.941	3277.219	2143.587	1864.677	3155.953	2102.734	2435.471	2921.312	2087.541	3181.341	2314.253	2367.819	3323.894	2759.732	2179.386	1426.629	2389.674	3198.346	3235.412	2203.38	1761.246	1801.917	2045.86	3844.174	860.945	2465.754	2369.159	2813.627
hsa-let-7i	1854.951	1342.138	1752.679	1764.95	2298.11	2840.228	2907.712	1474.914	4248.201	2396.102	983.732	1611.381	1132.566	979.559	1029.385	2091.949	2024.874	1091.169	2185.895	1716.727	1060.693	1590.378	1141.967	892.426	1311.56	937.431	1967.601	1361.696	943.896	1899.293	2623.567	996.019	1764.198	1290.242	1982.508	1675.956	1817.481	1608.854	3281.14	1512.549	544.654	1572.547	2213.734	983.352
hsa-mir-1-1	53.153	35.35	23.157	9.499	34.03	32.018	36.96	11.788	20.012	19.142	12.115	5.644	25.908	13.013	14.622	10.497	21.031	11.134	14.103	8.928	14.804	115.502	44.569	35.47	30.431	12.122	10.799	16.007	16.507	26.572	7.725	3.744	36.954	12.721	21.804	19.673	46.081	8.633	23.975	38.919	52.512	71.289	8.635	13.841
hsa-mir-100	58380.117	31861.332	31335.471	2768.064	25780.09	12934.526	38933.234	16235.844	33434.15	28624.496	57112.172	7509.43	32249.748	46567.025	67297.987	4835.226	31401.105	35381.348	17872.334	11378.103	46216.769	51721.331	20259.273	24665.155	12139.791	48307.351	65897.353	4025.635	58206.418	12685.149	7553.981	26542.413	21689.1	27592.099	47855.255	24279.342	19071.447	21713.256	11682.638	43350.01	20010.55	22544.56	64556.615	46770.528
hsa-mir-101-1	23251.596	24169.081	20192.716	18668.76	32141.631	16779.57	41210.617	28614.22	106352.884	15838.106	101629.669	21628.06	27696.044	130018.256	151878.137	23092.917	27770.297	137029.575	17332.912	17918.503	76459.575	29125.333	17624.726	92356.174	18748.309	102302.594	43977.285	50956.695	113162.472	13756.902	25951.782	26622.918	20856.957	34691.156	23177.897	19106.269	28202.592	34129.687	23065.02	15670.362	25908.937	26240.046	18512.9	106751.062
hsa-mir-101-2	24039.642	24279.846	20503.885	18638.362	32508.521	17010.291	41933.681	28760.09	107918.303	16246.788	102087.613	21492.602	27741.692	131359.276	153540.165	23502.309	28232.139	140520.822	17341.726	17841.977	77734.496	29760.102	17896.104	93526.685	18625.572	103840.736	44056.119	51537.503	114314.956	13608.856	26108.211	27010.467	20943.183	35099.127	23423.614	19134.373	28523.6	34755.179	23337.877	15573.064	26335.135	27067.206	18720.134	108427.77
hsa-mir-103a-1	58882.371	51999.288	39362.915	22534.931	32581.899	25350.165	31698.562	35228.495	35880.117	42228.249	40878.174	38247.012	23113.964	39075.383	41546.793	33023.301	30307.488	35688.162	32586.58	43303.367	32283.202	32087.917	30592.443	27052.998	37888.158	43096.256	24019.418	30557.553	53305.362	34555.485	28945.179	55121.797	37224.721	30430.631	26098.825	21143.834	34356.41	30082.438	28184.237	30290.785	49268.012	49733.376	30613.42	38204.422
hsa-mir-106a	15.407	61.274	27.499	682.042	17.015	27.31	14.112	16.208	58.926	45.462	24.23	45.153	18.506	17.35	12.672	16.496	51.316	24.743	87.26	110.962	21.771	55.283	43.579	14.897	31.445	14.816	22.678	29.726	18.008	30.368	16.415	16.85	38.322	28.167	20.127	28.104	34.366	11.772	57.083	10.614	46.406	53.467	7.555	18.454
hsa-mir-106b	1276.434	1550.705	1729.522	2676.872	2255.572	1461.55	2169.864	1510.277	1785.556	3288.599	1296.297	3208.651	1668.005	1260.053	1272.109	3370.612	2211.63	840.027	1396.152	4182.132	1346.331	1138.24	2138.341	922.93	1495.158	1396.719	1761.338	2327.803	1461.613	1972.683	1816.316	2976.824	1713.558	1736.375	1879.357	1509.203	2460.278	2545.914	1817.528	2230.789	1237.074	1538.475	1611.46	1127.032
hsa-mir-107	152.525	311.084	198.28	286.876	286.067	233.547	233.181	191.547	251.268	407.725	501.558	282.203	217.137	431.584	432.81	364.904	392.02	322.897	468.91	348.192	344.856	168.811	201.058	278.085	266.775	522.591	227.862	306.41	568.739	368.217	533.018	664.637	266.888	189.902	516.593	183.615	249.933	243.29	259.158	360.004	273.548	463.377	234.218	498.267
hsa-mir-10a	433569.388	214531.086	225961.006	360342.308	120522.61	191988.487	271601.931	56698	100706.035	92104.214	121808.285	48132.593	138856.509	106038.208	113803.568	302536.304	119416.229	153838.777	92961.347	82516.433	84401.708	280545.181	252419.35	123950.755	44994.724	80852.116	153450.196	31886.093	113633.67	179536.933	27041.958	29951.719	168970.232	124648.285	129504.551	185205.744	171291.559	93001.985	99643.213	122840.212	39464.235	64839.788	80772.672	76561.093
hsa-mir-10b	47770.382	8948.369	58106.161	65217.645	41777.527	89797.725	38144.987	6284.225	133156.239	4795.076	3103.843	640.601	50892.669	12399.559	3794.882	10744.67	22569.728	3628.571	8115.135	8403.802	6474.754	136127.836	109734.84	14507.955	6558.814	5407.74	25435.184	11913.41	2195.421	2028.359	19003.24	3888.594	26238.515	12689.803	3487	24966.024	14428.943	6170.938	30812.345	31240.772	2454.608	18373.117	42951.396	3808.183
hsa-mir-1180	28.502	73.058	50.655	118.74	55.299	68.746	79.967	100.194	28.907	156.965	31.499	50.797	53.05	20.242	54.589	147.461	91.696	30.929	96.955	159.429	47.897	48.373	91.12	20.573	52.746	51.182	29.158	110.902	55.523	189.803	88.836	74.889	60.221	41.797	159.339	113.354	96.068	120.075	163.258	73.416	31.751	47.176	63.681	40.204
hsa-mir-1247	252.668	27.102	204.069	13.299	1013.465	506.645	157.918	42.73	146.758	16.749	43.614	25.398	18.506	67.232	15.597	16.996	63.935	199.182	30.849	998.661	50.509	317.878	87.158	85.128	2560.23	16.163	128.51	3.43	4.502	22.776	29.934	125.439	24.636	49.066	49.479	28.104	21.088	71.417	349.349	68.993	2.442	111.651	206.155	28.341
hsa-mir-125a	3270.045	7925.564	3609.564	3401.66	2746.884	6701.281	4662.285	4168.364	2725.03	3847.067	2221.877	1354.576	6943.442	2079.124	2449.663	5184.134	3111.761	2740.295	2876.038	1996.046	1941.991	5970.58	4093.453	2598.535	4423.599	1870.822	1386.608	6576.385	1958.322	5270.189	3252.18	1351.74	3934.888	4242.352	4589.791	5194.619	4708.112	5324.916	3324.523	9164.632	9765.92	4179.83	2612.011	2111.703
hsa-mir-125b-1	1814.124	1279.685	2651.452	229.88	1095.351	942.662	1578.511	1090.346	1602.109	1645.735	2711.32	807.101	1901.181	2670.474	4395.357	492.37	1269.437	3919.302	780.929	593.075	2595.127	2840.172	1449.001	2697.851	876.402	2825.763	1883.368	778.602	2524.059	1076.814	425.835	750.759	1448.039	1318.409	2330.537	1875.496	1587.855	875.845	1058.322	2042.383	854.839	1045.22	2711.311	2929.625
hsa-mir-125b-2	1914.266	1295.004	2658.688	235.58	1111.302	1014.233	1582.543	1116.868	1762.208	1699.811	2926.965	908.695	2070.202	2942.293	4622.484	497.869	1292.992	4169.207	845.271	609.655	2707.466	2904.34	1493.57	2786.526	893.646	3134.2	1939.523	840.341	2762.659	1074.283	420.041	879.942	1430.246	1342.033	2302.862	1870.812	1686.266	837.389	1115.405	2077.765	925.668	1078.767	2781.468	3211.713
hsa-mir-126	6231.958	20909.773	5844.917	15173.058	12091.396	12770.667	22397.513	15826.227	31673.053	10806.148	26795.787	16822.138	15081.137	22695.415	24494.681	5037.673	17407.856	37905.14	7338.613	10040.177	32901.504	11986.571	23079.031	28660.5	14407.887	21197.265	16717.049	8351.963	26490.613	15002.008	9084.476	21610.995	6613.348	26178.284	18615.781	14057.792	8671.893	7683.261	16104.3	12236.61	41332.668	6459.5	13269.449	24810.532
hsa-mir-1266	16.177	8.248	21.709	21.848	43.601	43.319	10.08	8.841	5.559	20.099	2.423	73.373	14.805	0	6.824	26.493	36.173	1.237	29.968	71.424	4.354	8.885	24.761	3.547	6.086	4.041	6.479	5.717	22.509	34.164	43.453	74.889	9.581	24.533	22.643	12.179	13.278	54.152	44.525	17.691	21.982	14.153	18.349	5.932
hsa-mir-127	4194.439	2060.929	4330.319	1912.187	1169.792	13171.84	2878.144	3194.42	1005.07	3615.449	3040.846	2108.059	953.675	2993.62	1869.659	1436.622	2129.188	1899.03	26343.558	2646.515	3157.694	4182.762	1047.876	3011.406	17098.969	2068.814	4354.208	10441.955	2506.051	3133.01	4520.994	2327.165	1022.386	1893.566	5269.915	4794.601	1661.273	6544.506	1349.446	2589.909	2029.631	11463.345	7965.555	2375.995
hsa-mir-1271	5.392	14.14	7.96	0.95	21.269	6.592	4.704	14.734	16.677	10.05	2.423	2.822	23.441	11.567	12.672	11.997	0.841	4.949	9.696	2.551	13.934	13.821	13.866	17.026	6.086	8.081	11.879	8.003	1.501	6.327	2.897	0	8.212	9.086	7.548	19.673	8.591	13.342	6.85	10.614	12.212	5.242	16.19	7.909
hsa-mir-128-1	171.783	246.275	188.873	389.467	302.019	122.424	204.286	341.838	294.628	417.296	552.441	293.491	420.703	436.645	604.374	682.32	422.304	334.031	426.602	579.045	377.077	172.76	135.689	290.854	357.053	615.526	239.741	461.902	594.249	311.276	541.708	893.047	376.381	187.176	411.765	240.761	543.604	483.441	485.207	285.704	390.783	254.753	382.088	714.446
hsa-mir-1287	117.09	65.987	102.035	53.195	145.692	74.396	108.863	131.136	115.628	79.918	121.149	174.966	335.575	65.786	74.085	358.406	182.55	74.229	71.394	202.793	107.985	88.848	203.038	73.778	62.89	90.241	78.834	43.446	139.559	187.272	887.397	58.039	72.539	108.126	211.333	91.808	99.192	244.86	181.524	168.061	31.751	76.531	75.554	104.135
hsa-mir-129-1	0.77	4.713	57.892	2.85	4.254	0.942	6.048	5.894	25.571	6.221	2.423	0	16.039	0	0	3.499	0.841	1.237	4.407	7.653	5.225	4.936	7.923	2.838	15.215	0	5.4	4.573	3.001	17.715	2.897	9.361	1.369	0.909	2.516	1.874	1.562	0.785	7.992	49.534	1.221	3.145	4.317	1.977
hsa-mir-1296	23.88	7.07	20.262	10.449	3.19	12.242	12.768	20.628	8.894	20.099	4.846	0	14.805	7.229	9.748	21.994	15.984	8.66	2.644	47.191	9.579	17.77	7.923	9.222	8.115	9.428	16.199	26.296	15.006	12.654	11.587	9.361	21.899	6.36	5.87	14.989	18.745	5.494	6.85	17.691	13.433	13.105	17.269	16.477
hsa-mir-1301	23.88	53.026	20.262	63.645	36.157	45.203	23.52	41.256	45.584	30.627	12.115	53.619	13.571	7.229	14.622	46.488	53.84	13.609	53.766	28.059	20.03	16.782	63.388	13.479	27.388	13.469	16.199	25.153	13.506	56.941	71.455	74.889	27.373	29.984	20.966	38.409	59.359	38.456	51.375	30.074	119.677	13.105	45.332	19.772
hsa-mir-1306	9.244	31.815	11.578	33.247	46.792	25.426	20.832	57.464	32.242	21.535	29.076	33.864	18.506	20.242	57.513	64.483	47.11	35.877	26.442	52.293	36.576	15.795	40.608	31.214	48.689	63.304	26.998	16.007	60.025	49.349	34.762	58.039	42.428	15.447	28.513	32.788	21.869	43.949	51.375	51.303	23.203	8.911	37.777	34.272
hsa-mir-1307	2344.88	4699.249	2201.342	10577.349	7997.124	3148.17	5517.731	9192.797	2796.185	2966.534	8606.442	7819.853	7892.182	4790.082	8484.627	7931.411	5590.065	2824.421	2470.59	7312.035	4821.885	2481.818	4522.309	4296.131	3835.273	8665.853	2537.795	3810.691	10280.813	17387.195	15116.652	25097.062	7483.814	3232.874	5171.796	3438.098	1847.942	8171.411	5668.357	7591.935	8014.722	2672.806	4261.248	5819.046
hsa-mir-130a	427.532	421.848	359.654	62.695	405.173	413.415	602.105	240.171	406.92	861.869	482.174	338.644	836.47	563.156	383.095	523.862	489.604	385.992	360.496	153.051	427.586	815.426	514.034	483.102	535.579	342.109	746.22	738.586	333.14	356.829	421.972	108.589	526.933	666.928	455.373	707.293	488.15	444.201	320.807	583.791	185.622	374.79	290.343	403.359
hsa-mir-130b	54.693	50.669	104.206	271.677	60.616	58.387	43.68	66.305	93.391	148.351	96.919	129.814	60.453	107.715	127.698	153.959	98.426	90.312	54.647	173.458	157.623	91.81	166.392	56.752	108.536	156.239	35.637	43.446	114.048	74.656	80.146	391.293	68.433	75.416	65.413	95.555	67.169	36.101	71.925	53.956	106.244	98.022	156.505	278.133
hsa-mir-132	496.092	1021.627	693.256	458.811	547.675	373.863	301.053	661.575	868.318	529.755	205.954	705.508	439.209	470.622	315.834	475.375	575.411	429.292	1027.723	436.197	469.387	627.859	305.053	357.538	539.636	336.721	551.835	421.886	276.116	781.987	527.224	1233.791	585.785	338.007	1109.5	619.232	704.499	802.073	832.272	791.656	539.77	730.186	540.751	342.064
hsa-mir-133a-1	17.718	10.605	12.302	5.7	37.221	25.426	17.472	14.734	15.565	14.357	12.115	19.754	20.973	8.675	6.824	10.997	15.142	22.269	6.17	6.377	20.9	37.514	28.723	24.829	17.244	12.122	20.518	4.573	9.004	16.45	5.794	0	9.581	6.36	13.418	28.104	34.366	4.709	11.417	32.728	34.194	26.209	7.555	4.614
hsa-mir-134	1243.31	309.905	889.365	615.548	426.442	3964.642	651.161	1206.748	187.895	505.828	949.81	668.822	347.912	853.771	659.937	518.863	460.16	580.225	9714.011	864.741	813.372	1025.7	327.833	1298.913	5585.034	852.578	1264.578	1653.243	892.875	1122.367	1380.825	649.659	458.5	432.504	1031.508	2120.004	536.575	1770.525	675.865	917.259	454.286	1994.514	3837.066	667.651
hsa-mir-135b	167.161	9.427	137.493	391.367	7.444	164.801	145.822	20.628	7.783	34.456	2.423	5.644	34.544	8.675	0	599.842	354.164	6.186	48.478	941.267	15.675	254.697	328.823	12.06	131.866	1.347	117.71	74.316	3.001	2.531	2.897	9.361	102.649	110.852	7.548	422.502	595.153	90.253	405.29	436.074	1.221	810.91	139.235	7.25
hsa-mir-136	254.208	366.466	381.363	80.743	96.774	3089.784	223.102	250.485	45.584	330.678	247.144	217.297	67.855	301.459	206.657	86.477	139.646	272.174	2928.923	118.615	236.871	716.706	187.192	287.307	1182.737	199.339	305.615	620.824	214.59	201.191	365.001	132.927	151.921	326.195	227.267	408.45	122.623	422.226	66.216	166.292	228.364	847.603	390.722	203.657
hsa-mir-139	368.987	431.275	662.139	175.735	187.167	124.307	277.533	627.686	644.846	176.585	1742.126	595.449	213.436	1781.28	2672.891	33.991	246.484	3188.144	105.769	164.53	1914.995	263.582	359.527	1560.682	365.168	2062.08	374.73	61.739	1817.262	96.167	175.741	636.554	264.151	678.74	375.704	95.555	63.264	263.695	202.074	86.684	1293.249	343.864	292.502	2595.47
hsa-mir-140	9253.956	4299.789	2889.532	6083.282	5089.659	2026.582	4169.714	3136.955	9279.111	3692.495	3714.435	3691.219	5224.854	5956.155	5299.967	3859.483	4536.827	6474.023	3270.028	2943.69	6159.507	7593.535	5998.052	5184.301	3902.221	5375.415	4071.271	2674.229	4704.474	2416.821	3814.167	4373.498	5235.111	3898.893	3875.283	3919.619	6264.726	3893.428	4207.029	4594.257	10689.146	10070.592	5062.121	6493.289
hsa-mir-141	2075.265	63.631	5138.635	9977	137.185	39.552	29.568	32.416	123.41	376.619	29.076	87.483	880.884	30.363	18.521	34.991	111.044	38.352	52.003	13607.552	134.981	20.731	6617.072	106.41	53.761	39.06	132.829	41.16	28.512	11.388	56.005	282.705	31.479	27.259	41.931	69.324	7899.444	49.443	109.6	29.19	2844.17	186.609	138.156	28.341
hsa-mir-142	7761.83	9741.397	3433.717	6818.519	20232.085	3118.977	8332.036	9919.203	83821.077	2526.268	6680.169	5195.363	3675.287	11024.561	8889.167	1458.616	6516.274	9700.519	6817.7	5221.607	9354.648	5342.721	14028.469	14762.63	7082.221	7701.484	18929.79	5171.243	7830.285	2785.039	3980.252	1668.145	6746.108	25469.56	4461.481	5903.786	3131.972	3198.089	6395.597	1760.218	1581.451	8307.242	16387.673	6982.328
hsa-mir-143	299229.488	196398.678	188873.969	220259.639	209434.249	121555.354	323800.971	102837.324	148320.124	142603.251	84436.17	78520.243	230257.527	158754.408	98571.402	159871.386	280308.298	131432.693	200446.555	109339.981	131227.199	400837.357	198818.197	132094.676	245206.941	80382.053	137654.313	128296.677	61900.968	180322.716	218066.04	69519.141	128759.103	116674.226	316348.358	256227.291	319397.929	103498.779	240423.973	219919.326	273666.809	281012.08	190047.567	98857.881
hsa-mir-144	23.88	160.255	57.892	364.769	63.807	46.144	307.773	556.961	78.938	44.984	695.397	245.517	214.669	1662.721	991.368	69.982	326.403	1917.588	83.734	330.336	1206.124	58.245	74.282	1010.896	323.579	1686.299	2483.799	11.433	1821.764	118.943	120.701	327.638	305.21	163.552	376.542	42.157	68.732	69.063	156.408	61.033	1798.825	326.566	58.285	818.581
hsa-mir-145	7384.369	7728.78	13069.11	6010.138	9293.466	8831.452	10329.198	6122.146	7703.685	6544.177	6471.792	4289.49	15648.654	7895.032	7340.216	5524.045	7215.347	12078.328	3595.268	3554.621	11396.786	20844.707	15923.165	12149.197	9744.901	7091.346	6514.033	4975.735	4835.028	11728.543	5802.361	2834.536	5867.431	5227.298	8584.158	13631.543	13403.436	5477.953	6265.447	13972.946	12302.349	7145.654	6789.071	6617.196
hsa-mir-1468	30.043	15.319	31.841	22.798	36.157	7.534	32.256	45.677	48.919	6.7	155.071	22.576	16.039	128.68	124.774	56.485	63.935	195.47	9.696	62.496	80.989	17.77	60.416	97.188	16.23	152.198	24.838	20.58	144.06	3.796	0.966	56.166	20.53	44.522	15.934	9.368	14.84	14.911	41.1	27.42	29.309	12.056	28.063	93.59
hsa-mir-146a	1456.691	335.829	428.401	771.334	942.214	407.765	419.323	582.009	4122.567	318.236	285.912	203.186	678.552	622.436	405.515	156.459	323.879	591.359	454.807	126.267	460.679	725.591	297.129	414.999	748.593	360.965	673.866	407.022	321.135	201.191	262.646	26.211	340.795	671.471	236.492	255.75	239.779	182.86	327.657	147.717	46.406	818.249	798.714	574.062
hsa-mir-146b	5777.464	2280.102	4471.43	1248.194	2919.163	837.189	1962.89	3360.918	5811.396	3688.188	2800.97	4673.286	1099.255	5593.248	10140.806	512.365	1913.829	3477.638	1749.597	1785.601	4426.52	2559.807	1956.102	6750.658	1761.933	4598.263	2566.952	1439.442	3397.425	862.97	1721.686	681.487	4082.703	4470.416	2286.09	1288.116	1241.854	821.693	1659.978	597.059	3640.391	7775.721	3784.178	3286.189
hsa-mir-148a	233961.094	62409.986	88612.329	154529.038	128219.841	76982.797	61365.691	139894.359	110166.369	46016.455	646791.526	67508.671	136730.789	585484.458	824321.866	118439.8	105124.34	914085.57	77341.013	101862.141	444757.697	62196.5	169460.821	651637.794	155950.872	764126.504	159553.862	47008.806	739148.575	45174.315	130184.746	342342.268	43235.861	161451.076	62121.93	63836.204	70152.279	74599.831	112128.441	60209.182	52832.689	41935.639	56524.14	605572.983
hsa-mir-148b	345.107	456.02	310.446	1002.165	994.323	612.118	627.641	396.356	526.995	617.809	533.057	420.483	478.688	534.962	613.147	910.76	845.45	543.11	935.175	437.472	586.951	430.419	442.723	453.307	627.885	596.67	434.125	655.123	561.235	1076.814	1299.713	1670.017	379.118	442.499	925.841	447.796	605.306	1829.385	1302.638	655.438	1097.857	505.836	591.48	620.197
hsa-mir-149	88.588	141.402	75.983	42.746	59.553	25.426	80.639	85.46	17.789	34.456	24.23	16.932	217.137	12.29	22.42	163.457	137.123	21.032	8.814	142.848	47.026	57.258	121.823	25.538	160.268	20.203	49.676	109.759	22.509	49.349	29.934	37.444	138.234	42.705	18.45	47.777	214.005	90.253	57.083	471.455	36.636	32.499	43.174	21.091
hsa-mir-150	10078.978	3463.163	995.018	2373.848	11165.133	597.051	2165.16	1642.886	92583.199	1200.205	2212.185	761.949	1659.369	4681.643	2627.076	151.46	3459.194	2275.125	1568.908	635.164	3360.602	1016.815	3511.079	4081.183	1845.11	1460.023	13957.872	416.169	2033.353	208.783	411.351	331.382	2480.006	11721.213	2285.251	1294.673	433.477	536.808	1339.171	353.813	359.032	7468.026	3089.081	1818.411
hsa-mir-151a	4632.756	8506.489	4842.662	16172.373	5964.876	4706.717	6232.731	8067.088	3770.125	5042.486	5737.628	5265.913	6246.384	6005.314	6254.293	14028.804	8216.427	5751.526	8428.035	13222.373	5502.888	4424.626	5202.736	4815.412	8345.092	6031.348	5269.974	6059.604	6401.686	10013.992	6263.924	6812.996	5600.543	3656.292	8003.83	5123.422	11754.66	7831.589	8081.833	16162.162	7803.455	6471.032	7508.993	6805.694
hsa-mir-152	861.998	631.594	815.553	1166.501	548.739	417.182	766.072	741.141	648.181	986.292	1715.473	428.949	734.07	1909.96	1954.467	1041.726	1060.808	1375.714	785.336	447.676	1301.918	1093.817	386.268	1442.212	615.713	1710.543	996.759	307.553	1560.655	558.02	479.909	673.998	1145.566	470.666	1842.457	776.617	792.756	394.758	642.756	1160.505	550.76	572.407	824.618	2304.155
hsa-mir-153-2	19.258	35.35	70.194	16.149	63.807	25.426	155.902	22.102	141.199	13.399	50.883	11.288	154.216	24.579	47.765	7.498	116.092	38.352	31.731	246.158	25.255	31.59	89.139	62.427	24.345	26.938	48.596	17.15	36.015	16.45	6.759	308.916	28.742	69.964	14.257	51.525	88.258	25.899	50.233	29.19	484.816	23.064	57.205	20.432
hsa-mir-154	68.559	25.924	46.314	16.149	6.381	345.611	30.912	16.208	10.006	56.948	38.768	42.33	9.87	49.159	20.471	24.494	18.507	33.403	517.387	21.682	31.351	92.797	18.818	42.564	276.919	36.366	37.797	106.329	21.009	22.776	52.143	13.106	27.373	35.436	48.64	67.45	42.176	62	23.975	40.688	36.636	208.625	105.776	29.659
hsa-mir-155	3256.179	968.601	1065.212	1119.955	2149.227	616.827	739.192	607.058	7580.275	412.51	242.298	335.822	275.122	609.423	412.339	90.976	540.92	481.253	966.906	284.421	603.498	535.062	915.159	647.683	349.952	261.296	1062.634	373.866	201.084	204.987	379.485	245.26	949.848	2447.825	421.828	533.983	378.024	176.582	565.123	231.747	194.17	1006.954	4762.064	292.633
hsa-mir-15a	750.3	998.06	744.635	1010.714	574.262	920.061	675.353	727.88	925.02	1197.812	755.971	790.169	1035.101	1258.607	847.098	785.293	471.096	1063.952	813.541	644.092	777.667	486.689	694.292	653.358	606.584	887.597	601.511	1077.009	792.332	674.432	649.857	788.203	1018.28	864.099	452.018	640.779	773.23	439.492	751.214	889.839	1555.806	962.923	729.636	1002.466
hsa-mir-15b	432.154	1095.863	504.384	1876.09	2082.23	670.505	946.838	2697.87	1134.039	1400.239	453.098	3629.134	817.964	814.01	814.93	1340.647	1261.866	1458.604	1657.049	2226.899	1974.212	637.731	835.924	981.101	1956.689	1376.516	1374.729	2940.623	694.791	3484.778	4765.294	2750.286	1439.827	917.707	1166.526	1417.396	998.17	1432.273	3114.457	967.678	878.041	710.267	1571.524	1165.918
hsa-mir-16-1	532.297	906.149	458.07	1441.027	1456.923	1387.154	938.102	1026.988	1664.37	1096.838	828.661	1450.525	1497.75	973.053	773.013	1295.659	1069.221	951.371	1477.242	854.537	894.361	657.475	905.254	760.478	675.56	892.984	1371.489	1414.289	994.917	1147.674	1167.425	975.425	776.028	1171.213	1008.865	1137.289	950.526	798.149	1298.071	1268.418	1284.7	677.768	821.38	790.9
hsa-mir-16-2	552.326	901.436	502.213	1511.321	1507.968	1330.651	958.261	1025.515	1709.954	1124.115	860.16	1631.135	1491.582	1015.705	737.921	1273.165	1102.871	969.928	1496.633	936.165	855.173	650.564	936.948	783.888	724.249	864.7	1443.843	1409.715	1066.948	1172.981	1250.467	1175.752	762.342	1063.995	1034.024	1191.624	953.65	805.212	1347.162	1295.839	1171.129	744.863	878.586	746.741
hsa-mir-17	2139.202	4278.579	1820.702	4207.192	2840.468	2169.723	2542.148	2524.004	2730.589	3346.025	4615.786	4018.575	3194.132	5199.978	6107.099	3027.203	1993.748	5124.289	3352.881	7526.307	3986.742	1741.419	2079.906	3898.867	3581.685	5663.648	1711.662	2827.434	6008.521	4149.088	1631.884	3944.76	4075.859	2134.351	2587.994	1408.964	2732.861	2716.217	5381.8	3634.54	1223.64	2866.229	2507.315	4111.362
hsa-mir-181a-2	8779.434	48946.19	9532.635	4769.544	9777.335	15697.533	12157.69	12208.93	8431.917	14791.995	5698.86	9589.268	54400.168	5930.853	5492.002	23712.753	7524.084	5823.281	27165.913	8547.925	6965.912	17353.972	4780.812	5382.223	10628.403	6520.267	9553.988	24532.249	7333.576	23500.109	9397.334	3896.082	14799.283	9817.652	13385.282	20251.052	19700.966	10519.553	14347.28	16267.421	5858.087	12405.824	11845.795	6029.953
hsa-mir-181c	452.183	754.142	468.201	151.987	584.896	776.919	729.784	182.707	429.156	1172.927	106.611	584.161	1069.645	203.141	123.799	1852.012	264.992	165.779	351.682	488.489	252.546	850.966	267.416	154.649	605.569	156.239	546.436	1408.572	141.059	382.136	498.256	108.589	550.2	432.504	422.667	1000.515	583.437	532.884	352.774	1767.294	354.147	632.688	968.171	231.338
hsa-mir-181d	124.793	131.975	115.06	25.648	94.647	206.237	114.911	41.256	90.056	362.263	12.115	158.034	239.344	21.688	23.395	301.92	42.903	30.929	98.718	165.806	36.576	197.44	68.34	20.573	158.239	21.55	86.393	246.957	13.506	48.083	84.008	28.083	154.658	98.131	92.249	282.917	184.326	147.544	107.316	564.331	97.696	175.077	225.583	34.931
hsa-mir-182	49917.288	108515.18	26322.751	24915.428	82540.526	62683.718	83753.124	91385.743	3885.753	60314.107	3142.611	83676.097	67174.227	1502.232	1912.55	68437.972	44462.255	1873.05	66583.414	122260.077	6344.998	20027.307	67833.652	1960.074	48140.236	2936.208	51615.508	47484.428	3589.506	127613.233	96532.21	37882.428	64799.045	62663.967	38149.856	23948.647	63909.422	130376.065	54788.412	116481.315	74825.244	38083.947	18956.51	1306.962
hsa-mir-183	15250.194	30259.958	7696.013	12898.001	28114.356	11669.796	20345.247	41579.025	978.387	17845.147	865.006	11516.716	19818.667	343.388	443.532	27892.652	18173.388	454.035	17315.284	58267.976	1861.002	5669.484	22424.356	463.239	21335.926	658.626	14794.804	20592.363	856.859	35334.942	30745.079	21339.523	20718.723	13238.61	11578.046	7369.895	30406.689	37246.156	17714.045	33094.75	32218.867	9869.83	6505.203	376.337
hsa-mir-185	332.012	485.479	353.865	306.824	293.511	256.148	237.213	462.66	297.963	374.705	312.565	505.144	183.826	353.509	346.053	354.407	452.589	321.66	424.839	445.125	325.697	239.889	348.632	193.666	334.737	370.393	219.222	236.668	355.649	336.584	1008.099	430.61	698.015	272.586	325.386	192.983	268.678	302.936	617.64	283.935	545.876	480.151	458.721	553.63
hsa-mir-186	791.898	920.289	675.889	902.423	1283.581	921.944	1135.667	863.436	1254.114	846.077	983.732	1458.991	776.017	812.564	1186.327	1003.736	761.326	1024.363	426.602	869.843	972.737	864.786	1571.815	852.7	778.01	985.919	758.099	956.96	1189.999	1342.538	922.159	911.769	737.706	979.494	678.447	456.227	649.826	1657.512	911.047	437.843	791.336	1191.991	756.62	1030.806
hsa-mir-188	12.325	15.319	7.236	28.498	5.317	5.65	8.736	10.314	12.23	11.485	33.922	14.11	17.272	6.506	9.748	13.996	8.412	4.949	4.407	7.653	10.45	9.872	13.866	9.222	12.172	17.509	12.959	11.433	13.506	10.123	16.415	24.339	5.475	10.903	11.741	5.621	9.372	11.772	6.85	4.423	10.991	11.532	6.476	10.545
hsa-mir-18a	26.191	38.885	20.262	105.441	26.586	31.077	26.208	20.628	40.025	71.304	65.421	36.686	33.311	28.194	29.244	42.989	34.491	24.743	28.205	133.92	20.03	17.77	46.55	27.667	61.876	33.672	35.637	30.87	24.01	35.43	13.519	69.272	43.797	42.705	25.997	59.956	54.673	39.24	53.658	38.919	12.212	44.031	38.856	20.432
hsa-mir-190a	14.636	9.427	8.684	33.247	9.571	16.951	6.72	13.261	4.447	14.357	9.692	16.932	16.039	9.398	10.723	8.998	8.412	18.557	0.881	7.653	6.967	6.91	9.904	14.188	6.086	8.081	11.879	6.86	7.503	0	34.762	3.744	13.687	18.172	14.257	7.494	7.029	21.975	3.425	2.654	20.76	14.153	4.317	9.227
hsa-mir-191	985.25	1649.686	1413.287	2331.101	2475.705	1616.933	2502.5	3029.394	2805.08	1191.112	2764.626	3265.092	1999.879	1787.786	2501.327	1704.051	1059.126	3710.223	1041.826	3006.186	4113.885	1233.012	2109.619	3085.184	2901.053	3247.338	1301.295	2094.565	2142.899	3917.528	2782.893	2123.093	1420.666	2038.946	1153.947	1688.134	1117.669	3446.088	2363.243	2166.218	2107.788	904.739	2745.85	2372.041
hsa-mir-192	7313.499	57101.531	24628.687	301475.822	14920.166	119410.115	45538.249	78941.062	6836.479	33922.528	253051.672	96671.559	35144.083	186158.938	265349.3	64600.483	9188.905	223676.082	105036.653	24146.423	146052.514	13896.801	26587.139	165468.434	25693.592	242343.539	42498.885	19404.452	327453.868	148115.724	122769.813	189734.16	28205.274	46229.736	67240.054	51715.738	24135.714	58851.893	64701.473	45077.5	68277.18	25958.56	31384.071	214967.926
hsa-mir-193a	618.574	476.052	622.339	563.302	3105.266	1533.12	1917.195	1906.632	723.784	1674.448	3469.714	2302.779	2225.652	3120.855	4447.996	2415.864	1624.442	2553.484	4422.911	769.084	2606.448	1284.346	1145.929	1942.339	1501.244	3353.742	949.243	1256.51	3828.106	317.603	2076.065	1802.944	680.222	1200.289	1826.524	1926.084	2015.866	2457.231	3799.455	2559.834	786.452	2328.942	2977.909	4175.293
hsa-mir-193b	121.712	247.453	259.79	157.687	305.209	177.043	342.044	204.808	167.882	552.726	1075.805	623.669	148.048	491.587	702.828	75.98	580.458	527.027	59.054	649.193	674.907	208.299	138.66	439.828	228.23	922.616	89.633	401.306	507.213	153.108	1342.2	685.231	751.392	249.871	222.235	1157.899	275.707	325.695	195.224	174.253	2530.322	117.941	232.059	972.807
hsa-mir-195	331.241	121.37	189.596	49.396	84.012	72.512	233.181	72.199	314.64	165.578	188.993	84.661	783.42	323.869	324.607	642.831	165.725	324.134	250.32	72.699	230.775	199.414	248.598	221.333	86.22	169.707	347.732	81.176	208.588	39.226	48.281	86.122	119.073	216.252	169.402	86.187	206.976	75.341	74.208	480.301	439.631	138.908	62.602	242.543
hsa-mir-196b	204.907	11.783	123.744	2622.727	1006.021	21.66	24.864	25.048	250.156	411.553	21.807	67.729	420.703	23.856	25.345	4840.225	26.079	34.64	47.596	2237.103	18.288	206.325	1145.929	36.889	43.617	22.897	112.311	14.863	24.01	10.123	677.859	16.85	12.318	582.426	10.063	25.294	11.716	1087.743	997.814	25.651	12.212	46.652	35.618	16.477
hsa-mir-197	711.784	1452.902	895.154	1495.173	966.674	1974.787	1477.712	1583.949	1041.76	979.593	1226.03	1199.364	1487.88	1037.393	1236.042	2255.406	1586.586	1303.96	480.368	1869.779	1217.445	1067.162	1575.776	1174.768	1051.885	1741.521	862.85	2176.884	1661.197	1002.158	1009.064	1069.036	964.903	975.859	746.376	1217.855	1293.403	2283.788	1796.978	1031.364	808.433	1674.239	1422.575	1147.464
hsa-mir-1976	36.205	18.854	23.157	50.346	38.284	13.184	8.064	39.783	57.814	11.007	36.345	14.11	22.207	28.194	19.496	25.993	18.507	29.692	19.391	26.784	27.867	16.782	13.866	20.573	16.23	43.1	36.717	13.72	48.02	11.388	19.312	31.828	16.424	20.898	14.257	21.547	30.461	20.405	13.7	22.998	30.53	19.395	41.015	34.931
hsa-mir-199b	20920.582	17176.768	19008.825	3479.554	14434.17	7984.845	25764.196	8908.423	12986.975	22664.15	16061.965	5632.778	22130.68	19175.508	11680.009	9035.62	15528.518	13446.619	12106.155	6012.373	14868.857	27445.12	18705.286	16152.346	10076.595	9410.68	23434.106	7206.355	13324.09	11609.6	6425.181	4521.403	12955.703	13349.462	19637.226	18105.754	13878.309	11183.5	7960.817	12445.36	4175.276	11290.364	9378.416	12240.495
hsa-mir-19a	189.501	309.905	118.679	92.142	62.743	191.169	59.807	78.092	85.609	159.836	116.303	160.856	74.024	130.126	143.295	86.477	53.84	143.51	77.564	164.53	107.114	165.849	194.125	104.282	131.866	126.607	70.194	94.896	147.062	75.921	55.04	76.761	264.151	164.46	51.995	73.071	76.542	93.392	131.291	71.647	102.581	185.561	73.395	110.067
hsa-mir-19b-1	329.701	539.683	271.369	360.019	214.816	494.403	264.765	240.171	341.324	330.2	314.988	397.907	417.001	394.715	452.305	249.434	148.9	632.185	331.41	524.201	356.177	308.993	358.536	380.948	398.641	377.128	236.501	289.26	397.667	370.748	183.466	234.027	510.509	323.469	181.981	223.898	293.671	226.024	460.09	329.046	150.207	301.405	251.487	301.86
hsa-mir-200a	1378.888	3210.996	8406.636	12696.619	6207.342	5162.51	4016.5	4171.311	86.721	5935.461	1344.756	8917.624	3317.505	341.219	418.188	9605.47	2675.155	384.755	2387.738	14911.041	995.379	1952.68	2417.643	544.82	5641.838	577.813	1861.77	3602.606	1009.924	4083.289	4240.967	4191.893	2325.347	2961.196	3855.156	2458.193	3865.37	3548.897	2045.86	4157.299	5527.142	1844.074	3122.541	551.653
hsa-mir-200b	1936.606	5396.831	10819.284	9427.947	4370.768	5296.234	2483.685	3229.782	75.603	6489.144	983.732	6431.413	3720.935	385.317	386.994	9707.443	1960.098	340.217	2171.792	12432.882	826.435	2938.892	2248.279	396.555	4300.862	440.431	1561.554	4570.999	727.805	2338.37	3075.474	2946.869	3611.885	3201.072	3082.783	2040.375	3943.474	1921.208	1623.445	6130.689	4995.921	4025.721	2160.846	688.083
hsa-mir-200c	21350.425	374.714	30987.396	60099.481	673.162	169.51	101.471	162.078	459.175	2216.646	205.954	251.161	4800.45	188.683	132.572	233.938	504.746	190.522	213.301	74908.499	411.911	118.464	29441.562	385.205	284.019	180.482	597.192	149.775	124.552	112.616	266.509	2344.015	264.151	188.993	222.235	346.62	50442.721	315.492	401.865	190.174	13010.644	1062.518	704.811	143.68
hsa-mir-203a	20322.036	5046.861	8788	8441.931	7277.17	13551.353	11860.669	3511.209	202.348	8150.193	8029.771	4173.787	20301.056	5725.543	7549.797	6361.824	4783.312	7382.094	6329.399	106031.518	4355.981	7930.17	9787.442	7318.178	64981.559	8241.585	26690.042	4982.595	7458.129	2521.846	589.989	13313.331	2735.944	3084.769	19244.749	4474.211	13322.208	109.873	7105.711	21677.216	1546.037	5492.383	6144.703	5823.001
hsa-mir-204	51.612	45.956	146.901	5.7	77.632	40.494	1559.023	45.677	78.938	30.149	140.533	406.373	46.882	99.04	131.598	3.999	56.363	157.118	37.019	52.293	82.731	128.336	88.148	122.017	23.33	91.588	123.11	1.143	165.069	10.123	4.828	39.317	20.53	65.421	36.899	18.736	21.869	31.392	28.542	22.113	3607.419	61.329	4.317	90.294
hsa-mir-20a	1330.357	3682.335	1095.605	1538.869	1180.427	1239.304	902.486	1349.672	1477.587	2231.002	1756.664	2576.516	1448.401	3423.036	2931.212	1602.078	1036.412	3721.357	1581.248	4008.673	1692.928	1127.381	1010.24	2016.826	1646.297	2419.004	968.682	1738.992	2617.098	1704.429	698.137	1246.896	3021.994	1510.128	1365.28	755.07	1391.033	1074.401	3609.939	1526.702	718.064	2289.104	1420.416	2054.363
hsa-mir-20b	43.909	86.019	28.946	2707.269	49.982	44.261	26.88	35.363	143.423	36.37	36.345	53.619	20.973	41.929	32.168	4.999	124.504	48.249	336.698	229.577	59.218	92.797	138.66	29.085	51.732	22.897	33.477	50.306	57.024	8.857	60.834	61.783	19.161	44.522	30.19	83.376	54.673	11.772	125.583	3.538	166.083	69.716	24.825	50.09
hsa-mir-21	3138738.184	2689050.969	2478810.73	748361.459	1691202.375	3763387.762	1461385.634	1986021.33	677072.668	2647072.179	284615.894	2106461.296	1543011.037	497830.881	377873.936	1942326.84	2232874.526	268407.834	3117486.167	1520220.865	581434.662	3497757.709	1405550.827	326963.515	2768936.414	400337.104	1030482.94	2438992.852	281738.69	1291195.074	2103887.508	1194992.703	2742845.219	1814149.367	2259461.726	2149050.08	2396245.595	2509108.069	4618768.163	2403283.009	670205.676	4798737.717	2094488.748	392049.108
hsa-mir-210	201.056	5661.959	8778.592	5434.487	889.042	4653.981	823.863	2177.745	226.808	1296.393	4104.536	3499.321	6315.473	1578.862	1837.491	3410.102	836.196	943.948	7720.263	10739.113	1428.191	3752.344	1056.79	600.862	946.392	2128.077	639.308	2657.079	3934.651	1909.415	1470.627	8879.923	22580.096	613.319	556.008	8124.965	6924.705	1641.816	2795.933	5858.253	221.037	2931.228	6769.642	1669.458
hsa-mir-212	14.636	15.319	21.709	18.048	23.396	9.417	16.128	22.102	25.571	12.442	16.961	8.466	13.571	16.627	6.824	14.496	20.19	14.846	23.798	20.407	18.288	27.642	8.914	7.803	12.172	12.122	19.438	11.433	4.502	16.45	24.14	29.955	13.687	7.269	31.029	20.61	28.117	13.342	34.25	22.113	19.539	13.629	21.587	6.591
hsa-mir-214	233.41	253.345	302.485	37.047	146.756	168.568	383.036	113.455	182.336	401.025	162.34	152.39	297.329	140.97	109.177	120.968	159.836	108.869	80.208	86.729	168.944	412.649	325.852	166	137.952	76.772	273.218	97.182	121.551	194.864	71.455	56.166	191.612	220.795	226.429	240.761	231.188	93.392	94.758	214.941	83.041	128.425	91.744	125.885
hsa-mir-215	16.947	104.873	210.582	12842.906	102.091	1652.719	303.069	135.557	1003.958	149.786	516.096	474.102	193.696	211.816	335.33	237.437	48.792	376.095	971.313	105.861	261.254	60.219	68.34	293.692	90.278	325.946	210.583	28.583	417.175	1442.501	938.575	814.414	94.437	142.654	822.69	218.277	125.748	238.581	333.366	589.098	227.143	85.966	199.679	179.93
hsa-mir-217	842.739	149.65	1579.727	15.199	68.061	55.561	196.222	461.187	237.926	107.674	2469.021	76.195	128.308	1581.031	289.515	61.984	550.173	718.786	173.638	117.339	663.586	2316.956	1453.953	520.7	2558.201	588.588	236.501	7694.554	531.223	426.423	364.036	71.144	93.069	254.414	146.759	90.871	29026.59	304.505	151.841	155.678	255.23	247.938	65.84	5288.484
hsa-mir-218-1	246.505	223.886	159.927	19.948	152.073	195.878	260.733	103.141	132.305	975.764	46.037	76.195	133.243	54.219	44.841	103.473	218.723	71.755	125.16	65.047	108.856	179.67	158.469	59.59	179.541	40.407	200.864	68.599	25.511	194.864	48.281	28.083	99.912	183.541	198.754	109.607	220.253	135.772	142.708	109.682	89.147	221.729	346.469	46.795
hsa-mir-219a-1	6.163	7.07	3.618	6.649	1.063	3.767	13.44	4.42	7.783	15.792	24.23	11.288	8.636	20.242	25.345	21.494	6.73	22.269	6.17	17.856	13.934	4.936	12.876	7.803	8.115	17.509	19.438	3.43	22.509	7.592	12.553	28.083	4.106	8.178	9.225	16.863	7.029	7.063	20.55	2.654	14.654	9.435	9.714	27.022
hsa-mir-22	572456.538	743768.096	471333.91	313212.072	321085.581	362882.443	376520.805	396695.929	202290.394	350123.306	1402312.067	280699.145	343354.95	917641.844	1294783.904	278817.052	442941.742	609971.017	420139.56	238806.233	800055.802	484234.944	285037.226	627821.083	581253.357	1356985.898	356541.819	442759.25	1532609.435	474365.106	401871.209	1601392.856	664400.638	342877.28	479634.371	562709.831	282843.671	304466.665	469310.299	337740.706	660079.503	459696.419	613994.27	1308037.801
hsa-mir-221	1002.968	374.714	2045.034	750.436	878.407	433.191	338.012	418.457	1604.332	807.793	184.147	510.788	333.108	251.577	253.447	707.314	966.589	200.419	674.278	635.164	283.896	437.329	452.627	188.701	355.024	168.361	679.265	897.507	399.167	482.099	1586.5	507.371	797.927	587.878	1016.413	1072.649	1432.428	799.718	1417.946	1127.778	318.733	1036.309	1759.33	162.794
hsa-mir-222	199.515	129.618	519.58	179.535	352.001	141.258	108.863	123.769	376.901	206.255	31.499	242.695	80.193	46.267	122.824	171.455	264.992	53.198	180.689	201.518	64.443	114.515	169.364	52.496	83.177	28.285	197.624	176.072	70.53	215.11	416.179	134.8	205.298	203.531	258.296	299.78	314.759	296.657	477.215	275.974	81.82	183.988	420.944	32.954
hsa-mir-223	2410.358	950.926	796.738	3296.219	1767.449	358.795	715.672	970.997	1463.133	468.979	566.978	1326.355	808.094	953.534	840.274	1465.114	1854.101	1469.738	521.794	6392.45	1594.523	1811.51	2187.863	925.768	3145.512	1505.817	2585.311	4486.394	472.698	523.856	1711.064	237.771	1461.725	1883.572	489.757	2669.913	2553.221	795.01	2702.317	665.168	433.525	4875.945	4117.695	1185.691
hsa-mir-224	165.621	777.709	144.73	427.464	584.896	96.055	33.6	123.769	35.578	103.367	121.149	459.991	266.486	116.39	336.305	699.816	265.833	29.692	275	575.218	231.646	331.699	156.488	53.914	680.632	189.911	277.538	710.003	162.068	608.634	612.198	1772.989	700.752	114.486	60.381	75.882	357.717	443.416	154.125	615.634	481.152	386.322	256.884	159.498
hsa-mir-2355	229.558	309.905	155.585	208.982	248.847	101.706	128.351	259.326	132.305	72.74	116.303	191.898	194.93	115.668	165.715	169.955	67.299	111.344	118.109	292.073	123.66	218.171	217.895	125.564	92.306	153.545	127.43	94.896	175.574	217.64	203.744	52.422	313.422	147.197	116.569	216.403	224.94	309.999	250.024	152.139	89.147	78.103	183.488	104.794
hsa-mir-23a	16130.679	25844.691	18876.397	10936.418	28243.034	15516.723	17741.948	18817.312	7994.978	16118.536	5805.471	14750.766	43041.2	7621.767	6378.092	25419.804	18186.848	8974.31	15053.588	8964.991	9515.755	28116.416	20606.914	7975.083	27801.42	6812.541	16320.721	26212.932	6775.342	22878.821	22258.317	11684.503	41759.08	15999.001	14219.713	32322.804	26901.379	25357.115	23381.26	34505.578	13770.229	18765.205	24545.351	6930.92
hsa-mir-23b	5581.8	12372.647	5769.658	2850.707	14446.932	3377.008	6962.515	6742.465	1263.009	4271.541	11484.947	4647.888	6405.535	9080.624	13098.338	4157.905	4546.922	8541.306	3955.764	3808.431	8404.553	6705.056	4169.716	7091.879	5868.039	12992.046	3573.431	4408.648	13183.03	11623.519	5683.591	6541.524	9588.808	4355.93	5298.428	5126.232	4223.086	6520.177	3380.464	8561.381	42062.944	4433.535	3804.686	10998.123
hsa-mir-24-1	3423.34	3783.673	3325.893	2296.904	3921.994	3682.126	5033.224	2689.029	1326.381	3559.937	2779.163	2805.101	4509.29	2501.31	2344.385	4163.903	3893.276	1800.058	2462.657	2851.859	2735.333	3954.719	2720.715	1616.724	3585.742	2150.974	2820.732	4093.091	2378.498	3868.18	3465.581	2819.558	4954.537	2287.908	3523.899	4093.866	6681.021	2422.699	3517.464	7372.571	6973.041	3575.972	3616.88	2468.926
hsa-mir-24-2	3487.277	3489.086	3445.295	2329.202	3691.226	3719.795	5007.689	2634.512	1401.984	3573.336	2452.06	2779.702	4526.562	2429.741	2095.812	4240.883	3954.687	1780.264	2470.59	2958.995	2526.33	3933.001	2700.906	1451.434	3534.01	1955.676	2816.412	4449.807	2055.862	3578.414	3420.197	2690.375	5147.517	2307.898	3532.285	4176.305	6577.923	2544.344	3710.405	7124.902	6392.972	3610.568	3832.749	2327.223
hsa-mir-25	41194.858	38663.931	27614.465	27060.345	30098.749	31147.394	37440.067	19885.556	29268.223	38492.206	19631.022	57944.801	30465.772	15821.872	19912.164	55259.443	34836.744	17270.66	21524.894	41382.571	15552.473	29243.797	44087.07	16413.405	19809.323	22441.786	38406.015	40409.555	17345.777	28824.708	18659.482	26989.872	33640.209	36517.484	23644.172	25709.853	33461.338	40459.941	24968.172	38330.293	16834.214	26925.152	18465.409	13720.137
hsa-mir-26a-2	6966.081	5526.449	4876.674	3328.516	4811.036	8320.098	7514.893	2216.055	9887.267	5743.563	4014.886	4111.702	8916.179	6281.47	5505.649	5532.043	4489.718	7147.035	6044.704	1820.037	4361.206	9384.314	5116.568	5072.925	3689.206	3589.447	5872.565	5760.054	4029.19	4190.844	3903.003	1660.656	4925.795	6076.858	5943.33	4131.338	6076.495	3740.39	3583.68	8486.196	6278.179	6523.974	3139.81	4908.193
hsa-mir-26b	2253.211	3596.316	3353.392	2097.421	2270.46	5974.273	5003.657	1914	3549.988	2746.88	5139.15	1588.805	6620.205	4248.613	4947.091	3274.138	2098.903	4476.021	1712.578	2418.213	3579.185	4821.48	4498.539	4737.378	1467.771	4242.685	3420.084	2687.949	3762.078	1852.475	1331.579	3315.695	3417.535	4992.873	1714.148	2935.03	4367.579	2685.61	1785.561	3852.135	3573.225	2647.121	1684.855	4102.794
hsa-mir-27a	5238.234	6760.178	8746.752	4209.091	7394.149	10736.551	9569.174	3761.694	3058.571	6493.451	1388.37	5181.252	12146.089	2372.63	1499.237	8680.713	6739.203	2074.706	6053.518	4590.269	2855.51	11815.785	7093.469	2051.587	9435.523	1694.38	7630.663	8948.777	1170.491	5009.527	6794.045	3933.527	10671.415	5982.362	5415.835	12584.188	13774.431	5447.345	10176.785	9898.793	3348.525	5744.515	9830.661	1981.204
hsa-mir-27b	6007.792	16798.519	9329.289	3293.369	14155.547	9161.995	12197.337	8249.795	1514.276	6483.402	14024.235	5858.54	6475.858	11952.07	15861.885	4978.688	5112.238	9448.14	6585.89	6129.712	12370.394	9708.115	5311.683	8338.296	6788.058	14035.881	5344.488	5184.963	14297.998	11428.655	7061.519	6738.107	12078.394	5813.358	6652.806	6744.105	7699.497	5853.876	4599.761	10831.974	57156.951	5704.153	4579.655	13998.27
hsa-mir-28	18631.165	15908.867	11875.088	22539.68	12234.961	14698.368	14725.374	13825.295	13037.006	9887.331	18150.578	13621.953	9900.697	14802.552	20406.386	9660.955	17022.567	18594.414	11066.093	14502.904	14874.082	12044.815	15366.542	17075.276	9617.092	17649.571	9494.592	15902.459	20342.534	11966.429	10249.969	19027.336	17275.183	12795.203	9421.944	12054.889	13538.556	14037.843	13526.424	18631.774	15117.21	7721.207	16464.306	13502.639
hsa-mir-296	10.785	11.783	6.513	3.8	38.284	16.009	22.176	14.734	17.789	15.792	7.269	39.508	60.453	10.844	24.37	2.999	4.206	3.711	44.07	29.335	6.096	15.795	3.962	13.479	41.589	8.081	25.918	2.287	15.006	5.061	1.931	13.106	27.373	2.726	10.063	29.978	35.147	13.342	18.267	53.072	2.442	1.573	17.269	9.886
hsa-mir-29a	44538.084	30077.315	26086.117	27763.285	35196.915	76414.94	55247.87	34640.592	64630.24	19991.445	21058.16	37428.622	31424.382	38854.892	28741.869	12894.603	39910.285	42650.86	66161.219	21293.288	39640.126	26919.93	20781.23	28720.799	17504.71	22379.829	33583.125	32248.526	24185.646	29332.114	48714.149	18905.642	35256.593	33167.398	45674.832	23159.852	32386.626	27208.474	55286.177	31537.09	13312.279	32478.341	33890.307	24667.511
hsa-mir-29b-1	1666.221	3058.99	1812.018	2152.517	3063.792	3702.844	2500.484	2774.489	4112.561	947.051	1199.377	4924.447	1332.43	1731.398	1775.104	423.388	2282.294	2570.805	4325.075	1155.539	2436.632	1082.957	2103.676	1929.57	1398.794	1148.892	1510.798	1046.139	1647.691	1744.92	3646.15	1615.723	3310.78	3405.512	1891.098	1218.792	1262.943	1185.843	3277.715	1831.865	1887.972	1851.936	2131.703	1168.555
hsa-mir-29b-2	1684.708	3130.869	1867.739	2249.408	3260.529	3913.789	2616.067	2826.059	4123.679	951.358	1419.869	4879.295	1437.297	1725.615	1811.172	515.364	2362.212	2583.176	4423.793	1202.73	2529.813	1076.047	2236.394	2026.758	1420.096	1257.99	1583.152	1182.194	1769.242	1875.251	3613.319	1846.005	3240.979	3459.121	1939.738	1304.041	1310.586	1383.615	3227.482	1983.12	2420.414	1911.693	2225.606	1262.145
hsa-mir-29c	14537.64	4177.241	5849.259	4904.432	7013.435	6818.054	9934.738	2702.29	31401.773	2367.389	8041.886	2963.135	13267.551	16393.704	12064.079	3334.122	6102.382	14616.966	11405.435	4708.884	11702.454	4408.831	5812.842	10548.08	3215.503	8683.363	12031.307	6704.437	9670.057	1495.646	6041.833	11004.888	3600.935	7828.68	3546.542	4290.596	7828.369	4787.323	5487.975	13968.523	11890.805	9616.126	4518.132	11827.909
hsa-mir-301a	19.258	40.064	32.564	85.493	38.284	34.844	28.896	57.464	38.913	64.604	12.115	56.441	23.441	16.627	11.698	52.986	46.268	13.609	22.035	43.365	20.9	49.36	48.531	21.282	37.531	25.591	39.957	38.873	16.507	29.103	39.59	61.783	60.221	43.614	19.288	34.662	49.987	43.164	47.95	42.458	75.714	27.782	29.142	15.818
hsa-mir-3065	58.545	34.172	486.292	568.052	154.2	17.893	277.533	128.189	44.472	36.848	814.123	39.508	119.672	112.053	470.827	151.96	168.249	129.901	511.217	139.022	263.867	12.834	48.531	295.111	39.56	235.705	39.957	42.303	936.393	27.838	189.26	4304.226	78.013	79.959	16.772	42.157	191.355	571.34	155.266	25.651	67.166	46.128	32.38	204.975
hsa-mir-3074	10.014	10.605	10.855	13.299	11.698	6.592	10.752	7.367	35.578	14.357	14.538	25.398	14.805	7.229	9.748	53.986	12.619	11.134	1.763	29.335	9.579	8.885	30.703	17.735	13.187	12.122	15.119	13.72	18.008	5.061	9.656	35.572	15.055	17.264	10.902	15.926	5.467	15.696	11.417	17.691	8.548	7.863	9.714	11.204
hsa-mir-30a	159812.353	375313.039	104591.234	225952.505	704766.734	886673.782	462865.132	403640.255	60927.935	186497.813	166056.831	227342.969	251476.479	118402.344	138060.399	133734.771	359765.451	127940.21	382201.064	72634.409	119930.56	175186.365	135060.17	108067.273	36894.091	155869.529	164336.796	157682.326	174536.719	359115.623	220600.771	91146.986	305926.219	419505.845	222336.902	226216.537	72076.762	282161.665	465429.786	219132.093	219313.728	120473.362	108252.757	123062.056
hsa-mir-30b	1853.41	3589.246	1620.975	5254.002	5911.704	5816.064	6271.707	1806.438	2614.961	5534.436	3014.193	3394.906	16725.701	2420.343	2934.137	15301.469	5929.086	3486.298	10738.208	1924.622	2758.846	5123.563	3712.137	2369.399	5205.666	2155.015	4197.621	10422.519	1545.648	2892.594	2299.122	2946.869	3093.164	4373.194	2603.928	3257.293	9753.634	4879.93	3765.205	18209.852	2593.825	3289.244	1303.847	2475.517
hsa-mir-30c-2	2160.771	5330.843	1830.11	1774.449	2785.168	5535.431	3264.54	3291.667	1424.22	3024.439	2420.562	2426.948	2509.41	1791.401	2595.883	2173.427	2398.386	2280.074	2172.674	1013.966	1888.869	2689.13	3129.763	1657.16	1052.9	2342.232	1457.882	3727.228	1914.803	2223.223	1938.948	2136.199	3343.628	4041.547	1065.053	2226.801	1273.096	3030.925	2991.157	1648.767	4303.502	2502.971	1121.438	2490.017
hsa-mir-30d	20245.004	95257.595	18250.441	159100.999	189874.262	51842.636	79041.112	52296.833	29440.552	80409.876	35377.999	72184.779	179229.147	42959.644	52186.695	182569.406	147332.902	55793.14	299583.936	19801.036	33821.12	58115.42	42132.949	40178.33	164470.433	49157.235	41269.944	124094.971	34523.483	95208.845	64193.871	52450.144	78411.703	62616.718	62111.028	29829.949	156540.827	156496.012	93024.992	193754.881	59526.075	66105.689	24827.059	45162.365
hsa-mir-30e	42840.279	114745.102	30762.341	39585.978	55485.363	50563.78	72522.784	51592.528	84114.593	35639.567	106286.645	56878.073	71338.071	81308.49	123853.718	43181.625	39184.292	128949.727	41253.476	20378.805	72056.568	60907.218	64025.444	89430.606	36265.191	101910.651	53258.055	73732.803	134415.888	76285.513	56524.983	84837.616	45989.598	80460.221	28888.928	32691.908	28386.918	79686.165	67968.912	28763.199	87260.703	48076.436	31711.112	69462.766
hsa-mir-3127	16.177	8.248	13.749	39.897	14.888	14.126	12.768	13.261	17.789	18.663	7.269	14.11	12.337	3.615	9.748	41.489	40.38	1.237	7.051	26.784	4.354	0.987	33.675	7.803	14.201	12.122	11.879	11.433	6.003	2.531	64.696	48.678	13.687	24.533	5.87	9.368	20.307	105.949	10.275	10.614	10.991	9.435	8.635	11.863
hsa-mir-3130-2	0.77	4.713	1.447	14.249	10.634	3.767	10.08	4.42	11.118	3.35	2.423	19.754	13.571	7.952	2.924	9.997	14.301	12.372	15.865	21.682	4.354	4.936	4.952	7.094	7.1	13.469	14.039	6.86	19.508	8.857	5.794	11.233	0	0.909	11.741	0	6.248	19.62	27.4	1.769	4.885	2.097	9.714	1.977
hsa-mir-32	93.98	155.542	106.376	265.027	92.52	230.721	176.062	103.141	283.51	89.01	155.071	245.517	215.903	158.32	168.64	199.447	89.172	162.067	116.346	223.2	196.812	96.746	115.88	136.914	296.191	177.789	161.987	324.703	117.049	335.318	128.426	189.094	138.234	178.998	80.508	74.008	128.091	108.303	108.458	123.834	238.134	91.732	126.283	158.18
hsa-mir-3200	1.541	12.962	2.895	21.848	5.317	1.883	2.688	19.155	2.224	12.442	0	11.288	9.87	2.169	6.824	26.493	25.237	3.711	4.407	12.754	1.742	2.962	40.608	2.838	12.172	4.041	4.32	8.003	3.001	12.654	28.968	14.978	12.318	9.086	4.193	7.494	17.964	17.266	6.85	8.845	58.618	3.145	9.714	3.954
hsa-mir-320a	1925.821	1716.852	1443.681	541.454	1083.653	2376.902	1959.53	702.831	1657.699	1282.037	1247.837	1030.042	1849.364	667.257	878.291	2167.929	1602.569	684.146	1654.405	880.046	793.342	1370.232	1617.374	746.29	627.885	918.575	881.209	1203.918	849.356	1231.187	938.575	1452.84	933.424	1322.044	2062.177	1983.23	1767.495	787.161	1111.98	3211.734	2535.207	852.845	783.603	790.9
hsa-mir-320b-1	2.311	1.178	1.447	0.95	3.19	21.66	11.424	1.473	11.118	5.264	0	0	13.571	2.892	0.975	20.495	8.412	1.237	8.814	6.377	3.483	2.962	4.952	6.385	3.043	1.347	5.4	4.573	1.501	6.327	5.794	3.744	2.737	1.817	7.548	9.368	6.248	5.494	3.425	17.691	17.097	2.097	1.079	0.659
hsa-mir-323b	6.163	7.07	22.433	25.648	10.634	96.997	4.704	54.517	0	12.442	7.269	42.33	1.234	7.229	5.849	24.494	10.095	2.474	68.75	28.059	26.125	23.693	2.971	28.376	312.421	18.856	36.717	69.743	15.006	59.472	74.352	13.106	8.212	10.903	48.64	22.483	16.402	65.139	18.267	21.229	32.972	27.257	60.443	11.204
hsa-mir-324	70.1	103.695	100.587	185.234	128.677	91.347	141.79	114.928	136.752	123.945	113.88	146.746	135.71	80.244	101.379	183.452	153.948	84.126	128.686	255.086	94.922	110.566	192.144	119.889	90.278	138.729	128.51	99.469	166.57	232.825	135.186	293.938	79.382	99.948	179.466	124.596	186.669	200.911	105.033	236.17	75.714	81.248	140.315	125.885
hsa-mir-326	10.014	4.713	10.855	24.698	13.825	4.709	6.72	11.788	18.901	7.178	33.922	11.288	16.039	13.013	17.546	8.498	52.157	13.609	2.644	33.161	18.288	2.962	7.923	21.991	16.23	14.816	7.559	10.29	16.507	3.796	19.312	16.85	4.106	5.452	7.548	3.747	10.935	12.557	9.133	9.73	1.221	3.669	19.428	11.863
hsa-mir-328	40.057	115.478	93.351	323.922	160.581	84.755	118.271	204.808	200.125	30.627	225.338	101.593	206.033	149.645	310.96	186.451	85.807	194.233	115.465	85.454	167.203	74.04	102.014	207.145	75.062	253.214	86.393	60.596	450.189	135.393	70.49	194.711	120.442	72.69	62.058	139.585	60.921	230.733	92.475	110.566	56.175	46.128	90.665	225.406
hsa-mir-330	150.214	28.28	83.943	148.187	92.52	96.055	45.695	50.097	163.435	49.769	14.538	90.305	77.725	27.471	28.269	133.965	138.805	23.506	78.445	82.903	41.801	51.334	89.139	28.376	55.789	20.203	84.233	32.013	15.006	106.29	76.283	119.822	160.133	54.517	81.347	75.882	106.222	83.974	66.216	122.95	124.562	63.426	89.586	29.659
hsa-mir-331	38.516	114.3	60.787	97.842	240.339	101.706	99.455	135.557	54.478	130.644	87.227	180.61	112.27	49.882	88.706	324.914	86.648	54.435	135.737	51.017	91.439	108.592	155.498	67.393	226.201	94.282	130.669	158.922	136.557	158.169	216.297	179.733	99.912	61.786	129.148	149.89	139.025	102.025	159.833	115.874	128.226	94.877	111.172	61.295
hsa-mir-335	1718.603	542.04	406.691	766.585	273.306	341.844	322.556	531.912	123.41	970.979	334.372	668.822	750.109	497.37	353.851	583.346	603.172	382.28	1130.848	668.325	302.184	571.588	951.805	422.803	1486.029	246.48	542.116	447.039	348.146	390.994	234.644	192.838	547.463	1268.435	474.661	411.26	739.645	469.315	477.215	873.033	512.903	469.143	138.156	370.405
hsa-mir-337	128.645	130.797	256.896	76.943	70.188	328.66	136.414	225.436	34.466	134.473	220.492	158.034	70.323	178.562	154.018	69.482	105.997	152.17	259.134	131.369	232.516	243.838	100.034	281.632	694.833	188.564	231.101	213.801	184.577	144.25	95.596	159.138	64.327	126.298	213.011	222.961	92.944	226.024	50.233	180.444	111.129	235.882	286.026	197.725
hsa-mir-338	1778.689	1250.226	3497.398	3886.119	3005.302	10218.605	8940.861	782.397	2457.085	4747.699	2936.657	5212.295	12666.724	1337.406	1227.269	791.791	1602.569	1734.489	15637.962	7032.716	2437.503	951.66	3508.108	2747.509	1646.297	2614.302	1681.424	1919.637	1482.622	4213.621	9205.177	1312.424	1038.81	1209.375	971.966	6207.312	8576.606	7369.338	7805.551	4200.641	5374.492	8374.338	2790.103	1583.118
hsa-mir-339	127.875	200.319	167.163	166.236	121.233	207.178	184.798	95.774	190.118	159.357	79.958	194.72	246.746	52.773	100.404	113.47	119.457	87.838	192.147	179.835	76.635	141.169	129.747	75.906	79.12	70.038	77.754	75.459	73.531	99.963	126.495	104.844	220.354	175.364	81.347	96.492	113.251	112.227	173.533	320.2	74.493	94.877	78.792	81.726
hsa-mir-33a	14.636	116.656	52.826	138.688	98.901	60.27	154.558	109.035	196.789	69.868	278.643	149.568	270.187	97.594	133.547	88.977	130.393	167.016	103.125	167.081	243.837	32.578	255.531	200.051	106.507	177.789	182.505	69.743	234.098	191.068	65.662	164.755	28.742	181.724	87.217	149.89	110.127	106.734	73.066	256.514	51.29	39.314	71.237	79.09
hsa-mir-340	142.511	153.185	81.049	46.546	66.997	46.144	73.919	85.46	71.155	114.852	147.802	132.636	75.258	148.922	214.455	166.456	72.347	185.573	71.394	36.987	145.432	135.246	97.062	122.017	87.234	179.136	53.996	150.918	232.598	84.779	106.217	205.944	113.598	145.379	74.638	57.145	102.316	91.038	85.625	58.379	81.82	128.425	75.554	173.998
hsa-mir-342	1568.389	518.473	536.948	167.186	579.579	510.412	360.188	296.162	3066.354	571.868	302.873	392.263	251.681	383.872	359.7	149.461	314.625	316.711	334.054	172.183	351.823	775.938	588.316	371.726	242.431	246.48	586.393	184.075	285.12	167.026	300.305	365.082	543.357	908.621	296.034	301.653	347.563	167.164	231.758	200.789	291.866	628.495	477.07	335.473
hsa-mir-345	10.785	27.102	34.012	57.945	31.903	55.561	38.976	29.469	50.031	22.492	46.037	11.288	35.778	37.592	72.135	35.491	21.872	64.332	50.24	146.674	53.122	11.846	36.646	47.53	35.502	35.019	39.957	35.443	52.522	35.43	70.49	69.272	16.424	27.259	29.352	67.45	114.032	37.671	19.408	38.035	7.327	12.58	42.094	58.658
hsa-mir-34a	504.565	2456.854	688.914	909.073	713.573	1452.132	862.166	1127.182	862.759	771.902	901.35	2616.024	699.526	751.839	594.626	210.944	1841.483	533.213	1159.053	964.224	901.328	1033.597	1312.322	432.734	886.546	860.659	1176.025	1526.334	786.33	1198.288	2638.051	835.009	1344.021	1589.178	1626.931	1327.462	816.968	470.099	1212.446	1993.734	1114.954	1331.947	1379.401	548.357
hsa-mir-34c	121.712	63.631	75.983	13.299	27.65	33.902	38.976	26.522	40.025	7.657	0	42.33	17.272	0.723	0.975	27.493	17.666	0	74.038	7.653	5.225	58.245	39.617	2.128	10.144	1.347	8.639	96.039	0	141.719	6.759	1.872	281.943	14.538	19.288	14.989	17.183	30.607	84.483	26.536	6.106	53.467	32.38	0
hsa-mir-3607	36.976	90.733	18.815	69.344	78.695	92.289	231.165	125.242	304.634	89.489	317.411	79.017	148.048	216.877	223.228	81.479	103.473	201.656	165.705	75.25	148.915	92.797	31.694	168.128	233.301	203.38	129.59	168.068	298.625	135.393	128.426	295.81	88.963	64.512	179.466	100.239	89.82	61.215	708.973	76.954	41.521	39.314	51.808	122.589
hsa-mir-361	1851.099	1958.413	1664.394	1578.766	2068.405	2897.673	1632.942	1922.84	3297.609	1585.916	1720.319	2274.559	2093.643	1954.058	2283.948	2580.82	1729.597	2054.912	2045.751	1794.529	1848.81	1500.543	1387.594	1570.613	1724.402	1818.294	1633.908	3587.743	1886.291	1927.13	2127.243	1563.301	1691.66	1640.061	2649.214	1862.381	2317.347	1897.663	2203.41	2111.377	1602.212	2179.55	1800.345	2250.769
hsa-mir-3613	21.569	40.064	34.012	161.486	44.665	49.911	47.039	64.831	61.149	27.756	65.421	11.288	76.491	49.159	76.034	72.981	26.079	55.672	24.679	53.568	49.638	18.757	43.579	45.402	36.517	51.182	37.797	65.169	76.532	50.614	18.347	185.349	32.848	52.7	22.643	74.008	39.052	40.025	41.1	43.342	58.618	24.637	44.253	55.363
hsa-mir-3615	18.488	28.28	9.407	23.748	24.459	30.135	21.504	25.048	14.453	16.271	31.499	84.661	34.544	13.013	28.269	31.492	33.65	16.083	20.272	58.67	29.609	18.757	34.665	19.154	7.1	13.469	19.438	18.293	21.009	59.472	28.003	28.083	10.949	29.076	23.481	31.852	53.892	98.886	36.533	30.959	39.078	35.12	24.825	41.522
hsa-mir-362	77.803	71.879	40.524	53.195	26.586	32.96	79.295	32.416	67.82	62.212	99.342	64.907	32.077	41.207	53.614	59.484	71.506	79.178	13.221	33.161	45.284	56.27	90.129	46.111	41.589	52.528	42.117	52.593	61.526	5.061	48.281	50.55	38.322	95.405	22.643	28.104	32.023	24.329	20.55	15.037	73.272	80.2	11.873	52.068
hsa-mir-363	25.421	25.924	13.749	1270.042	28.713	27.31	22.848	17.681	98.95	12.921	9.692	39.508	13.571	22.411	12.672	3.499	65.617	30.929	184.215	123.717	33.092	41.462	56.455	13.479	18.258	24.244	41.037	28.583	25.511	11.388	43.453	11.233	17.793	26.35	7.548	36.536	34.366	5.494	45.667	7.076	50.069	48.749	12.952	19.772
hsa-mir-3653	16.947	22.389	12.302	1.9	9.571	22.601	13.44	10.314	80.05	11.485	31.499	76.195	16.039	26.748	30.219	9.497	17.666	29.692	4.407	12.754	26.996	15.795	19.809	24.12	10.144	41.753	19.438	13.72	33.014	10.123	22.209	11.233	23.267	28.167	11.741	15.926	10.935	5.494	14.842	8.845	31.751	18.871	11.873	18.454
hsa-mir-365a	139.429	91.911	182.36	81.693	262.671	144.083	150.526	204.808	108.957	173.235	455.521	163.678	171.489	326.038	412.339	118.469	270.039	497.336	85.497	202.793	478.095	192.504	195.115	313.555	155.196	492.96	98.272	201.225	436.683	115.147	775.386	584.132	309.316	135.385	109.021	329.758	288.204	288.809	244.316	191.943	702.189	103.788	150.029	477.835
hsa-mir-365b	140.2	91.911	182.36	83.593	266.925	145.025	149.182	207.755	106.733	172.278	457.944	163.678	171.489	323.869	411.364	118.969	267.516	496.098	91.667	202.793	478.095	187.568	198.086	312.846	150.124	488.919	98.272	195.508	433.682	113.882	764.765	580.387	301.104	137.202	108.183	332.568	289.766	290.379	243.174	191.943	676.544	104.836	154.346	464.654
hsa-mir-3677	3.852	1.178	3.618	22.798	20.205	3.767	10.08	14.734	5.559	6.221	7.269	5.644	2.467	4.338	0.975	3.999	17.666	2.474	1.763	7.653	7.838	2.962	2.971	7.094	5.072	5.388	6.479	10.29	3.001	24.042	28.003	16.85	4.106	9.086	9.225	4.684	4.686	12.557	10.275	15.922	3.664	4.718	14.031	1.977
hsa-mir-369	97.832	60.096	157.756	36.097	12.761	691.223	46.367	57.464	8.894	111.024	58.152	62.085	11.104	80.967	50.689	39.49	42.903	38.352	906.089	68.873	64.443	139.195	32.684	70.94	497.034	35.019	97.192	228.664	46.52	64.533	144.842	33.7	101.281	56.335	104.828	139.585	67.169	76.126	37.675	57.495	79.378	333.904	173.774	61.954
hsa-mir-370	41.598	31.815	74.536	19.948	12.761	136.549	26.208	69.252	10.006	35.413	55.729	22.576	12.337	49.882	46.79	22.494	18.507	29.692	490.945	62.496	62.701	28.629	7.923	68.102	299.234	63.304	51.836	72.029	33.014	53.145	95.596	35.572	12.318	17.264	62.058	57.145	25.774	77.696	27.4	36.266	35.415	67.095	168.378	42.84
hsa-mir-374a	5286.765	4095.935	3241.226	3510.901	5289.587	2520.043	5450.532	6226.761	5838.079	1666.313	6386.988	3098.592	3729.571	5264.318	7323.645	4081.425	2726.471	6250.099	1821.873	4803.266	5043.951	3408.798	3765.62	5309.865	4036.115	6238.768	5507.555	5728.041	7738.746	6959.433	4460.161	4103.898	2928.925	4533.111	2408.529	4726.214	2315.004	8639.156	4291.512	1892.013	3749.078	2460.512	4169.504	4343.359
hsa-mir-374b	484.537	333.472	319.853	223.231	421.125	473.685	299.709	341.838	409.144	269.902	232.607	248.339	328.173	327.484	348.002	336.411	333.974	425.581	154.247	329.061	318.73	339.596	385.278	350.444	284.019	338.068	437.365	669.986	310.63	589.654	508.877	230.283	336.69	318.017	389.122	500.257	381.929	533.669	360.766	237.054	207.604	321.324	269.836	327.564
hsa-mir-375	4001.857	1444.654	156342.305	132068.201	2951.066	62863.587	71858.183	10937.351	1642.134	33939.277	36446.535	8164.141	139303.12	10540.927	30135.828	542643.553	120002.576	43086.338	72522.349	68667.824	9217.925	13533.511	50296.084	60331.696	200595.643	29989.725	29494.576	5494.803	20530.112	900.93	18594.786	53717.635	5273.434	93945.976	7060.378	96644.276	182233.155	7931.26	4846.36	132842.496	1914103.309	26880.597	8045.427	27094.914
hsa-mir-376c	65.478	31.815	43.419	28.498	8.508	283.458	54.431	22.102	3.335	101.931	55.729	39.508	25.908	57.834	59.463	33.991	14.301	33.403	312.9	40.814	33.963	69.104	19.809	48.239	288.077	44.447	59.395	186.361	48.02	31.634	55.04	16.85	30.11	41.797	50.317	135.838	35.928	54.152	23.975	44.227	46.406	138.908	130.601	56.681
hsa-mir-378a	1160.115	803.633	628.851	3401.66	907.121	328.66	587.322	2255.838	1227.431	761.852	7002.426	1100.593	294.862	7453.326	11417.789	297.922	1653.885	11785.122	657.531	515.273	5314.785	524.203	536.814	3765.499	1315.617	11416.191	1174.945	475.622	11337.256	504.875	930.85	2739.053	1023.755	1660.051	1070.923	505.878	514.706	1053.996	1333.462	290.126	8107.534	853.369	1226.134	10809.625
hsa-mir-378c	23.88	8.248	4.342	64.594	24.459	6.592	10.08	19.155	37.801	8.614	70.267	22.576	1.234	83.136	188.136	4.999	33.65	237.533	14.103	8.928	58.347	6.91	8.914	53.914	18.258	106.404	14.039	4.573	118.55	7.592	17.381	28.083	15.055	32.71	14.257	11.242	10.154	18.835	11.417	7.076	100.138	16.25	17.269	104.135
hsa-mir-379	3673.697	1746.311	3682.652	1964.433	1181.49	11314.768	2512.58	4094.692	955.039	2102.751	3523.02	2249.16	858.677	3524.245	2903.918	2074.454	1706.042	2991.437	34693.148	3263.823	3471.2	4209.417	686.369	4301.097	20388.519	3594.834	4542.113	9901.164	2977.249	3804.912	5583.167	2276.615	2302.08	1386.556	4276.145	6773.147	2178.322	4991.373	2698.892	3063.133	1526.498	8507.48	10807.467	3531.368
hsa-mir-381	352.04	281.625	374.85	263.128	97.837	2505.917	178.75	260.799	68.932	434.045	264.105	347.11	81.426	336.159	244.674	247.935	202.74	301.865	4430.844	233.404	298.701	447.201	81.215	240.487	1443.426	266.683	299.136	735.156	246.103	341.645	903.813	170.372	290.155	181.724	532.526	793.479	242.904	538.378	237.466	286.588	257.673	928.327	1185.119	343.382
hsa-mir-382	124.793	38.885	138.217	75.044	54.236	504.762	91.391	134.083	23.348	126.337	36.345	76.195	39.479	123.62	54.589	90.976	72.347	61.858	1361.777	81.627	84.472	159.926	23.77	85.128	843.943	82.16	109.071	194.365	54.023	107.555	182.501	58.039	57.484	45.431	187.013	190.173	91.382	175.012	94.758	78.723	64.723	311.889	458.721	106.112
hsa-mir-3913-2	10.785	9.427	5.066	5.7	12.761	12.242	11.424	4.42	6.671	12.442	4.846	8.466	13.571	5.06	5.849	21.994	10.936	7.423	15.865	103.31	6.967	10.859	6.933	2.838	7.1	6.734	3.24	27.44	1.501	5.061	13.519	9.361	8.212	2.726	16.772	14.052	7.029	7.063	6.85	13.268	1.221	11.532	8.635	3.954
hsa-mir-409	137.118	91.911	136.77	103.541	42.538	244.847	84.671	166.499	27.795	138.301	67.844	112.881	29.61	96.149	71.16	85.477	70.664	56.909	630.208	75.25	78.376	172.76	39.617	100.735	891.617	75.426	129.59	252.674	70.53	161.965	197.95	74.889	94.437	78.141	189.529	196.73	96.068	180.506	79.916	145.063	135.553	326.566	342.152	70.522
hsa-mir-410	143.281	61.274	131.704	85.493	22.332	276.866	44.352	70.725	20.012	174.671	43.614	67.729	19.74	84.582	39.967	72.481	60.57	34.64	1197.835	85.454	59.218	88.848	20.799	80.872	999.139	44.447	99.352	302.98	52.522	98.697	203.744	74.889	57.484	42.705	191.206	156.448	130.434	141.265	83.341	68.993	65.945	430.354	159.743	74.476
hsa-mir-411	16.947	22.389	36.182	15.199	10.634	129.016	16.8	38.309	8.894	47.376	41.191	33.864	13.571	65.786	35.093	21.994	18.507	44.538	342.868	40.814	49.638	47.386	10.895	42.564	275.904	45.794	56.155	124.622	30.013	21.511	49.246	16.85	19.161	15.447	50.317	91.808	17.183	46.304	30.825	33.612	17.097	168.263	137.077	42.84
hsa-mir-412	67.019	14.14	6.513	43.696	11.698	59.328	20.16	36.836	11.118	36.848	21.807	2.822	7.402	26.748	16.572	1.999	15.142	14.846	102.243	0	3.483	52.322	0.99	4.256	196.785	28.285	49.676	9.147	1.501	16.45	12.553	29.955	23.267	10.903	3.354	38.409	7.029	29.823	29.683	30.074	30.53	66.047	78.792	23.727
hsa-mir-421	12.325	12.962	13.026	17.099	3.19	12.242	10.08	23.575	7.783	11.485	7.269	22.576	11.104	9.398	2.924	10.497	7.571	8.66	9.696	21.682	3.483	9.872	13.866	6.385	25.359	9.428	5.4	13.72	6.003	10.123	18.347	3.744	13.687	22.716	15.934	12.179	10.154	31.392	9.133	6.192	8.548	9.435	7.555	10.545
hsa-mir-423	355.892	902.614	617.997	582.3	560.437	541.489	513.402	764.716	508.094	1126.029	465.213	1326.355	396.028	396.161	465.953	937.753	647.758	336.506	623.156	982.08	377.948	494.587	650.713	323.487	451.388	405.412	394.168	942.097	388.663	617.492	374.657	582.259	989.539	805.038	560.201	842.193	550.634	772.25	887.072	521.874	878.041	581.842	565.576	521.994
hsa-mir-424	433.695	457.199	526.817	319.173	312.654	626.244	1451.504	1140.443	264.609	1016.441	1746.972	699.864	266.486	1316.441	1108.343	329.413	412.209	1995.528	354.326	705.312	3200.366	473.856	578.412	1929.57	822.641	1365.741	898.487	409.309	1455.611	1346.334	342.792	483.032	273.731	1161.218	821.013	555.529	165.581	626.276	535.44	252.092	543.433	172.98	446.848	1627.936
hsa-mir-425	675.578	306.37	654.179	1091.457	302.019	585.75	285.597	285.848	552.566	560.383	361.025	468.457	265.252	485.081	303.162	308.919	514.841	288.257	297.916	1110.899	404.073	297.147	425.885	324.906	429.072	425.615	714.902	310.983	396.166	216.375	288.718	348.232	557.043	425.235	265.005	313.832	426.448	267.619	319.666	620.057	472.604	647.889	457.642	417.2
hsa-mir-431	108.616	23.567	107.824	26.598	5.317	176.102	26.208	57.464	11.118	26.799	26.653	28.22	7.402	33.977	11.698	16.496	12.619	11.134	347.275	40.814	26.125	38.501	7.923	27.667	564.995	20.203	29.158	76.603	15.006	37.961	132.289	33.7	6.843	17.264	58.704	54.335	41.395	69.848	19.408	46.88	36.636	138.908	94.982	17.795
hsa-mir-432	101.683	23.567	96.245	29.447	8.508	175.16	18.144	48.624	8.894	66.519	36.345	67.729	2.467	46.267	30.219	25.493	16.825	32.166	483.012	31.886	38.317	84.899	13.866	55.333	569.053	32.325	46.436	102.899	22.509	59.472	87.871	35.572	15.055	25.441	57.865	77.755	46.081	137.341	15.983	29.19	37.857	227.495	144.632	53.386
hsa-mir-4326	36.976	15.319	31.841	32.297	35.094	10.359	9.408	13.261	14.453	45.462	19.384	19.754	12.337	7.229	0	0	15.984	3.711	0.881	28.059	5.225	29.616	52.493	9.932	15.215	4.041	22.678	24.01	24.01	12.654	37.659	20.594	13.687	28.167	12.579	35.599	28.898	43.949	33.108	47.765	9.77	42.983	11.873	4.614
hsa-mir-450a-2	42.368	24.745	31.841	14.249	10.634	36.727	45.024	26.522	10.006	41.155	33.922	11.288	4.935	23.134	27.294	9.497	12.619	23.506	15.865	19.131	29.609	20.731	31.694	33.342	30.431	41.753	48.596	13.72	31.513	34.164	8.691	31.828	9.581	22.716	35.222	32.788	14.059	24.329	25.117	7.961	18.318	8.911	14.031	40.204
hsa-mir-450b	187.96	56.561	128.81	26.598	26.586	109.24	88.031	78.092	14.453	119.638	106.611	45.153	23.441	91.811	80.908	29.992	38.697	74.229	43.189	31.886	77.505	93.784	79.235	80.872	59.847	99.669	79.914	42.303	109.546	58.206	33.796	35.572	42.428	130.841	105.667	41.22	17.964	55.721	44.525	30.959	123.341	41.41	44.253	83.044
hsa-mir-451a	164.85	948.57	387.152	1646.21	249.91	307.942	2021.354	1825.593	352.442	242.147	1935.965	767.593	1574.242	4399.704	2603.681	378.9	2024.032	5977.925	265.304	1070.085	3347.539	548.883	375.373	2833.347	1000.153	3687.769	14480.549	97.182	3582.003	270.785	400.729	1155.158	2072.146	869.55	1367.796	237.95	1309.805	271.543	583.39	490.031	4945.852	1471.38	246.09	2628.424
hsa-mir-452	345.107	789.493	261.237	992.665	1016.656	103.589	102.815	166.499	131.193	285.216	140.533	239.873	507.064	195.912	617.046	927.256	400.432	122.478	163.061	1080.288	310.893	362.302	182.239	80.872	511.235	250.52	307.775	643.69	255.107	664.31	546.536	1334.89	552.937	193.536	125.794	126.47	281.956	868.781	376.749	216.71	577.627	377.411	364.818	268.906
hsa-mir-454	24.651	55.382	28.946	34.197	47.855	22.601	24.864	29.469	46.696	74.654	4.846	93.127	27.142	18.073	7.798	44.988	40.38	18.557	37.901	40.814	11.321	40.475	53.483	10.641	26.373	10.775	28.078	37.73	21.009	31.634	34.762	39.317	71.17	53.609	21.804	41.22	33.585	32.177	44.525	34.497	52.512	42.983	28.063	9.227
hsa-mir-455	94.75	1926.598	470.372	822.63	3222.245	846.606	2033.45	2683.136	1204.083	959.972	8982.004	3050.618	8560.865	6183.875	8952.529	3539.568	1975.24	7688.908	3442.784	1784.325	5060.497	1138.24	1223.183	7428.845	4509.819	7029.389	1840.171	8729.26	14482.575	3526.535	1832.731	2518.131	1816.207	1495.59	1762.788	1591.643	1079.398	3825.934	1299.213	4809.198	1322.557	672.002	1377.242	5165.236
hsa-mir-4661	6.933	5.892	5.789	11.399	8.508	3.767	2.688	10.314	10.006	3.35	9.692	5.644	3.701	7.229	12.672	28.492	7.571	4.949	13.221	30.61	6.967	4.936	27.732	7.094	5.072	5.388	8.639	2.287	0	2.531	3.862	26.211	2.737	4.543	2.516	8.431	10.154	19.62	9.133	5.307	4.885	0.524	39.936	1.977
hsa-mir-4662a	40.827	14.14	35.459	66.494	22.332	8.475	43.008	70.725	36.69	12.921	407.061	39.508	32.077	320.977	384.07	39.989	32.809	477.541	10.577	33.161	203.778	37.514	53.483	270.282	42.603	444.472	100.432	17.15	402.169	31.634	6.759	149.777	35.585	142.654	39.415	28.104	25.774	6.278	33.108	45.996	26.866	25.161	39.936	143.68
hsa-mir-4677	23.11	84.841	19.539	32.297	57.426	35.785	30.912	241.644	32.242	26.32	36.345	50.797	57.985	45.544	59.463	60.484	39.538	68.043	142.788	68.873	33.092	52.322	51.502	41.145	88.249	59.263	57.235	86.892	58.525	60.737	96.561	162.883	104.018	38.162	37.738	48.714	42.957	74.557	448.674	98.183	36.636	98.546	102.538	35.59
hsa-mir-4746	0.77	7.07	5.789	9.499	11.698	0.942	4.032	11.788	5.559	5.743	0	22.576	4.935	1.446	1.95	15.996	4.206	1.237	8.814	19.131	2.613	2.962	9.904	0	10.144	4.041	5.4	1.143	6.003	7.592	13.519	7.489	2.737	7.269	9.225	12.179	8.591	10.987	13.7	13.268	1.221	1.573	11.873	3.954
hsa-mir-4772	62.397	27.102	5.789	58.895	68.061	9.417	15.456	57.464	130.081	24.885	53.306	19.754	19.74	109.161	37.042	18.495	52.157	56.909	41.426	86.729	58.347	20.731	42.589	85.837	51.732	60.61	35.637	30.87	45.019	10.123	17.381	3.744	17.793	66.329	35.222	33.725	18.745	7.063	63.933	8.845	6.106	40.886	33.46	49.431
hsa-mir-484	121.712	176.752	138.217	443.612	196.738	288.166	305.757	231.33	197.901	237.84	283.489	290.669	409.599	156.874	219.329	151.96	342.386	131.138	526.201	230.853	248.192	138.208	209.971	160.325	217.072	246.48	265.659	340.71	207.087	368.217	301.271	370.699	140.972	145.379	424.344	319.453	811.501	309.999	286.557	334.353	260.115	103.788	234.218	251.77
hsa-mir-485	26.191	14.14	36.182	15.199	4.254	288.166	9.408	20.628	1.112	21.056	14.538	25.398	7.402	13.736	5.849	25.993	11.777	7.423	262.66	19.131	20.03	37.514	9.904	27.667	237.359	10.775	19.438	99.469	9.004	16.45	34.762	18.722	19.161	6.36	25.997	63.703	21.869	51.012	17.125	36.266	13.433	107.457	124.125	13.841
hsa-mir-486-2	52.382	98.981	67.299	221.331	40.411	55.561	264.765	271.113	85.609	26.799	186.57	251.161	69.089	367.967	451.331	38.99	127.869	638.371	48.478	119.89	451.97	69.104	34.665	358.957	140.995	540.101	934.124	2.287	618.259	46.818	52.143	157.266	276.469	73.598	155.145	28.104	78.885	38.456	60.508	68.993	1067.327	168.787	109.014	396.109
hsa-mir-487b	49.301	25.924	67.299	25.648	11.698	195.878	22.848	39.783	5.559	46.419	33.922	19.754	8.636	31.809	20.471	27.993	15.142	24.743	249.439	29.335	28.738	57.258	12.876	30.504	174.469	28.285	37.797	90.322	19.508	36.695	38.624	35.572	30.11	16.355	53.672	54.335	39.833	69.848	18.267	20.344	30.53	60.805	84.189	30.318
hsa-mir-493	123.253	57.739	139.664	39.897	22.332	310.768	52.415	89.88	6.671	124.423	38.768	79.017	7.402	78.076	36.067	33.491	34.491	21.032	854.086	67.598	53.122	118.464	32.684	80.162	585.282	48.488	80.993	148.632	28.512	55.675	83.043	56.166	35.585	42.705	106.505	105.86	56.235	113.797	35.392	55.725	41.521	272.575	187.806	43.499
hsa-mir-495	51.612	28.28	69.47	29.447	10.634	559.382	32.256	75.145	4.447	54.555	36.345	56.441	12.337	60.725	32.168	23.494	32.809	32.166	1106.169	40.814	47.897	86.874	24.761	53.205	476.746	29.631	57.235	164.638	49.521	46.818	92.699	44.933	36.954	41.797	67.09	106.797	68.732	79.266	29.683	53.072	30.53	145.199	134.918	40.863
hsa-mir-497	89.358	74.236	123.02	37.047	49.982	44.261	159.934	58.938	158.988	77.047	147.802	76.195	460.182	157.597	145.245	348.408	75.712	165.779	66.987	43.365	166.332	105.63	160.45	170.966	63.904	118.526	127.43	51.449	103.543	51.879	44.418	41.189	78.013	111.76	81.347	46.841	136.682	62	53.658	260.937	301.636	79.152	20.508	129.839
hsa-mir-500a	1181.684	651.626	717.86	1233.945	739.096	332.427	570.522	864.91	986.17	499.607	835.93	586.983	685.955	597.134	700.879	981.741	684.772	898.173	328.766	757.605	646.169	648.59	1743.159	722.879	658.316	895.678	526.997	552.224	1029.432	385.932	686.55	1097.119	587.154	967.682	313.645	328.821	373.337	1142.679	585.673	428.113	1837.903	528.9	608.75	768.491
hsa-mir-500b	30.813	10.605	20.262	40.847	14.888	22.601	15.456	20.628	24.46	25.842	19.384	22.576	19.74	13.736	15.597	16.496	25.237	23.506	18.51	15.305	26.125	30.603	30.703	12.06	16.23	32.325	15.119	14.863	31.513	11.388	34.762	28.083	31.479	9.086	11.741	11.242	14.059	24.329	19.408	15.037	28.088	28.83	10.793	25.045
hsa-mir-501	179.487	91.911	115.06	240.33	118.043	42.377	67.871	167.972	193.454	81.832	106.611	79.017	80.193	106.27	124.774	145.962	121.139	143.51	65.224	108.411	109.727	69.104	151.536	113.504	149.11	189.911	86.393	68.599	165.069	50.614	168.982	269.599	71.17	108.126	88.056	61.83	88.258	29.038	108.458	59.264	261.336	85.966	113.331	151.589
hsa-mir-502	33.124	29.459	29.67	48.446	24.459	32.018	28.896	30.942	47.808	35.891	29.076	28.22	35.778	30.363	26.32	42.489	36.173	37.115	25.561	21.682	35.705	24.68	37.636	26.957	28.402	32.325	21.598	21.723	36.015	16.45	57.937	54.294	24.636	31.802	36.899	26.231	35.147	33.747	23.975	20.344	46.406	35.644	28.063	37.568
hsa-mir-503	26.191	30.637	26.051	12.349	10.634	30.135	12.096	39.783	10.006	47.855	14.538	73.373	2.467	38.315	14.622	14.996	21.872	18.557	11.458	21.682	26.125	22.706	37.636	23.41	19.273	22.897	22.678	6.86	18.008	22.776	11.587	11.233	26.004	107.217	35.222	13.115	3.124	21.19	11.417	7.961	122.12	11.008	26.984	29
hsa-mir-505	111.698	183.822	154.861	216.582	204.182	106.414	179.422	176.813	325.758	91.403	1020.077	220.119	119.672	304.35	594.626	90.976	143.853	341.454	69.631	200.242	613.077	136.233	227.799	357.538	169.397	773.112	180.345	109.759	1137.477	191.068	117.805	125.439	186.137	248.962	100.635	108.67	128.091	230.733	150.7	157.447	106.244	69.716	161.902	694.015
hsa-mir-508	13.866	10.605	68.747	49.396	17.015	0.942	4.704	22.102	379.125	2.871	0	5.644	9.87	4.338	7.798	5.998	2.524	1.237	2.644	8.928	1.742	1.974	4.952	56.752	3.043	1.347	3.24	0	4.502	0	0	59.911	9.581	3.634	0	0	1.562	6.278	3.425	7.961	3.664	2.097	6.476	3.295
hsa-mir-511	60.856	24.745	42.695	39.897	12.761	4.709	11.424	73.672	47.808	8.614	99.342	2.822	18.506	69.401	69.211	3.999	34.491	68.043	5.288	7.653	84.472	13.821	27.732	55.333	24.345	76.772	29.158	12.577	112.547	15.184	5.794	29.955	28.742	43.614	18.45	18.736	8.591	10.202	5.708	10.614	14.654	16.25	65.84	71.84
hsa-mir-532	2676.892	2347.268	2108.715	7900.477	3393.46	1118.764	3161.053	2801.011	3827.939	2520.525	3808.932	2988.533	4326.697	4432.235	3366.946	5099.157	3501.256	3785.689	2491.744	3419.425	3243.038	2179.735	2795.988	3291.619	4658.929	4354.477	3066.952	4113.671	5145.659	1734.797	5266.447	9647.531	1985.921	1930.82	2360.727	1610.379	2863.295	5453.624	2674.917	3543.434	4706.497	4292.005	2500.839	4546.357
hsa-mir-539	25.421	25.924	69.47	34.197	26.586	244.847	16.128	61.885	10.006	25.363	43.614	39.508	12.337	27.471	21.446	26.993	26.079	16.083	463.621	33.161	31.351	66.142	20.799	26.957	256.632	20.203	39.957	72.029	34.514	68.329	117.805	28.083	24.636	19.081	36.061	64.64	29.68	112.227	21.692	45.996	31.751	51.894	113.331	19.113
hsa-mir-542	2280.943	523.186	1479.863	653.544	590.213	997.282	2030.762	1393.875	630.392	2097.008	2217.031	431.771	450.312	2374.799	1957.391	694.317	975.843	1871.813	1222.515	914.483	2039.526	896.377	593.268	1804.006	1147.235	2016.286	2150.106	799.182	2650.112	1561.444	571.642	1020.358	440.707	1166.67	2881.513	961.169	506.114	1204.679	1068.597	624.479	1348.203	617.487	1062.074	2582.947
hsa-mir-550a-2	1.541	2.357	2.895	12.349	2.127	3.767	4.704	8.841	1.112	3.828	4.846	19.754	2.467	5.783	0.975	13.496	4.206	4.949	9.696	19.131	7.838	3.949	5.943	5.675	3.043	6.734	8.639	12.577	10.504	18.98	14.484	0	17.793	10.903	2.516	10.305	3.905	4.709	14.842	3.538	14.654	2.621	3.238	3.954
hsa-mir-5586	24.651	17.675	7.96	40.847	25.523	16.951	21.504	19.155	23.348	2.393	2.423	39.508	62.92	10.844	3.899	18.995	15.984	8.66	7.933	2.551	12.192	10.859	18.818	5.675	12.172	10.775	30.238	9.147	9.004	17.715	7.725	5.617	12.318	41.797	16.772	6.558	5.467	15.696	17.125	14.153	111.129	15.725	28.063	9.886
hsa-mir-574	220.314	236.848	391.494	303.974	389.222	228.838	272.157	472.974	257.938	257.46	1029.768	285.025	835.236	596.411	880.241	458.879	417.257	1281.691	204.487	341.815	1067.66	435.355	532.852	715.785	424	988.613	253.779	396.733	922.887	361.891	234.644	1170.135	462.606	327.104	261.651	487.142	406.141	321.771	326.516	584.675	150.207	160.924	377.77	999.829
hsa-mir-576	50.071	100.16	44.143	58.895	45.728	74.396	66.527	51.57	57.814	29.67	94.496	42.33	30.843	72.292	117.95	59.484	43.745	127.427	23.798	49.742	79.247	64.168	102.014	80.162	34.488	90.241	46.436	50.306	129.054	55.675	15.45	41.189	75.276	89.953	21.804	27.168	34.366	37.671	53.658	27.42	70.829	44.556	75.554	83.704
hsa-mir-582	946.734	319.332	297.42	967.018	315.844	159.151	404.54	612.951	531.442	238.318	1022.5	623.669	136.944	833.529	733.047	123.967	308.736	1327.466	104.888	1915.694	836.014	544.934	381.316	1003.802	376.325	818.906	673.866	348.713	886.872	279.643	96.561	228.41	626.845	570.614	342.159	1394.912	178.858	426.15	381.315	120.296	152.65	275.72	725.319	512.108
hsa-mir-584	223.395	152.007	72.365	163.386	265.862	35.785	103.487	231.33	128.969	50.248	210.8	883.296	171.489	153.259	198.858	346.909	325.561	165.779	232.692	996.11	183.749	111.553	99.043	160.325	367.196	233.011	289.417	133.769	249.105	96.167	98.492	146.033	128.654	105.4	144.243	408.45	242.904	674.934	988.68	257.399	229.585	354.871	932.553	143.68
hsa-mir-589	155.606	301.657	112.166	248.879	290.321	78.163	143.806	427.298	294.628	159.836	174.455	403.551	159.151	151.091	235.901	401.394	344.069	180.624	205.368	322.684	151.528	121.425	140.641	157.487	161.282	181.829	225.702	275.54	192.081	253.07	392.038	572.898	264.151	157.191	206.302	203.288	110.127	301.366	426.982	215.826	156.313	146.247	232.059	166.089
hsa-mir-590	41.598	86.019	43.419	137.738	74.441	57.445	77.279	79.566	161.211	63.169	89.65	73.373	78.959	92.534	99.429	69.982	48.792	153.407	59.936	173.458	101.018	54.296	105.976	75.196	32.459	95.629	73.434	96.039	91.538	55.675	69.524	117.95	73.907	95.405	41.093	51.525	44.519	95.746	105.033	53.956	65.945	74.958	88.506	75.135
hsa-mir-598	98.602	322.867	103.482	46.546	317.971	146.908	239.229	42.73	97.839	176.107	77.536	104.415	151.749	54.942	59.463	675.322	164.043	70.518	211.538	21.682	92.31	155.977	202.048	70.94	76.077	57.916	70.194	338.423	66.028	183.476	63.73	303.299	197.087	158.1	99.796	155.511	226.502	302.151	114.166	213.172	421.313	85.966	159.743	65.908
hsa-mir-616	3.081	27.102	9.407	20.898	22.332	10.359	8.064	30.942	11.118	4.786	43.614	16.932	7.402	22.411	45.815	16.496	18.507	18.557	13.221	10.203	28.738	11.846	31.694	24.12	2.029	48.488	5.4	18.293	58.525	24.042	32.831	106.716	23.267	18.172	7.548	22.483	10.154	21.975	26.258	5.307	32.972	6.814	11.873	26.363
hsa-mir-625	902.825	295.765	854.63	1250.094	362.636	127.132	217.726	240.171	1437.562	192.856	111.457	200.364	118.438	122.897	115.026	137.964	274.245	118.767	341.987	1521.587	161.978	250.749	189.172	127.692	170.412	158.932	384.449	210.371	54.023	160.7	202.778	132.927	242.252	428.869	152.63	361.609	348.344	193.063	232.899	101.721	332.166	220.157	562.338	81.726
hsa-mir-628	26.191	41.242	36.182	21.848	32.967	38.611	18.144	19.155	26.683	25.842	26.653	28.22	16.039	38.315	32.168	25.993	21.872	30.929	27.324	29.335	26.996	50.347	54.474	25.538	8.115	39.06	14.039	17.15	54.023	63.268	31.865	59.911	39.691	56.335	22.643	24.357	14.059	89.468	38.817	14.153	69.608	20.967	21.587	33.613
hsa-mir-629	445.25	222.708	228.673	807.431	160.581	133.724	263.421	381.621	643.734	207.212	196.262	296.313	229.474	185.068	381.145	288.424	296.959	372.383	362.259	1147.886	234.258	216.197	209.971	263.188	266.775	216.848	166.307	257.247	243.102	230.294	393.97	322.021	251.833	275.312	179.466	371.914	270.24	207.974	478.357	106.144	368.802	222.778	511.609	247.156
hsa-mir-651	13.096	40.064	18.091	11.399	6.381	10.359	16.128	16.208	18.901	17.228	14.538	11.288	7.402	27.471	16.572	14.996	10.095	19.794	31.731	24.233	16.546	13.821	11.885	16.316	5.072	18.856	15.119	38.873	22.509	12.654	13.519	16.85	42.428	29.984	5.87	6.558	20.307	14.127	35.392	5.307	63.502	15.201	7.555	24.386
hsa-mir-6511b-1	1.541	1.178	1.447	5.7	0	4.709	2.688	1.473	2.224	0.957	7.269	8.466	2.467	2.169	3.899	1.5	1.682	7.423	0.881	0	4.354	4.936	2.971	4.966	0	6.734	1.08	2.287	6.003	2.531	4.828	3.744	4.106	2.726	5.032	1.874	3.905	5.494	2.283	5.307	2.442	1.573	0	3.954
hsa-mir-652	52.382	34.172	57.892	217.531	80.822	42.377	56.447	57.464	130.081	40.677	24.23	50.797	35.778	55.665	43.866	77.48	64.776	49.486	89.022	128.818	45.284	33.565	35.656	48.949	68.976	51.182	77.754	76.603	31.513	64.533	111.045	112.333	69.801	53.609	64.574	50.588	81.228	47.873	70.783	44.227	78.157	50.846	64.761	48.113
hsa-mir-653	40.057	31.815	95.522	331.522	37.221	18.834	7.392	48.624	21.124	25.842	46.037	22.576	35.778	16.627	23.395	7.998	33.65	24.743	17.628	58.67	27.867	37.514	59.426	26.957	10.144	28.285	23.758	18.293	31.513	26.572	32.831	13.106	39.691	43.614	32.706	30.915	12.497	36.101	15.983	43.342	84.263	35.644	50.729	12.523
hsa-mir-654	174.865	104.873	184.531	95.942	72.314	238.255	102.815	249.011	26.683	105.76	264.105	135.458	65.388	178.562	128.673	95.975	91.696	162.067	385.176	161.979	303.926	170.785	58.435	300.077	1381.55	223.583	194.384	436.749	289.621	188.537	146.773	84.25	149.184	107.217	255.78	301.653	103.097	229.164	76.491	172.484	92.811	374.79	352.945	199.043
hsa-mir-660	364.365	245.096	271.369	327.722	138.248	173.277	245.949	141.45	315.752	437.395	172.032	259.627	246.746	388.209	220.304	305.42	216.2	262.277	169.231	193.865	233.387	297.147	283.263	207.145	235.33	277.458	263.499	226.378	292.623	78.452	280.993	342.616	208.036	272.586	198.754	98.365	216.348	229.164	189.516	150.37	481.152	587.608	165.14	427.086
hsa-mir-664a	187.96	236.848	205.516	109.241	104.218	202.47	167.998	216.596	171.218	134.951	201.108	293.491	328.173	151.814	185.211	198.448	71.506	141.035	147.195	117.339	207.262	233.966	214.924	158.196	135.923	276.111	89.633	125.765	220.593	130.331	77.249	217.177	208.036	211.709	118.246	128.343	210.1	149.898	174.674	167.176	310.184	326.041	76.633	223.429
hsa-mir-664b	14.636	14.14	18.815	9.499	17.015	20.718	23.52	20.628	33.354	11.964	29.076	19.754	11.104	15.904	25.345	11.997	5.047	17.32	11.458	15.305	20.03	7.898	22.78	12.769	8.115	36.366	7.559	10.29	28.512	15.184	9.656	18.722	12.318	19.081	20.966	19.673	24.212	10.987	18.267	13.268	20.76	13.629	12.952	35.59
hsa-mir-671	21.569	23.567	23.157	25.648	20.205	21.66	15.456	20.628	21.124	21.056	16.961	25.398	19.74	10.844	14.622	20.994	15.984	13.609	31.731	33.161	17.417	23.693	25.751	10.641	22.316	25.591	14.039	10.29	24.01	24.042	27.037	48.678	21.899	26.35	25.159	21.547	11.716	13.342	43.383	20.344	30.53	15.201	29.142	17.136
hsa-mir-675	10.014	44.777	52.826	25.648	20.205	13.184	18.816	1267.159	127.857	88.053	581.516	513.61	13.571	1901.285	6461.925	39.49	28.602	3770.843	96.955	771.635	976.22	54.296	9.904	4189.721	382.412	1047.876	329.373	2.287	1397.086	21.511	5.794	292.066	69.801	473.392	211.333	12.179	34.366	22.759	76.491	34.497	15.876	35.644	5.397	692.037
hsa-mir-7-1	46.22	51.847	69.47	52.246	60.616	21.66	89.375	64.831	131.193	25.842	58.152	138.28	35.778	52.773	80.908	66.482	45.427	134.85	28.205	124.992	112.339	49.36	51.502	94.35	57.818	60.61	26.998	25.153	66.028	160.7	56.005	65.528	56.115	63.603	36.899	35.599	21.869	70.633	77.633	38.919	59.839	26.209	117.648	73.158
hsa-mir-708	295.806	460.734	830.026	16.149	236.085	98.881	180.094	61.885	310.193	112.938	29.076	22.576	120.906	21.688	15.597	67.482	171.614	42.063	191.266	20.407	40.93	504.459	209.971	48.239	54.775	9.428	134.989	75.459	31.513	56.941	43.453	16.85	307.948	126.298	169.402	117.101	223.378	86.329	126.725	149.486	23.203	145.199	611.988	11.204
hsa-mir-744	33.124	139.045	64.405	214.682	122.296	42.377	106.175	310.896	124.522	137.344	239.875	112.881	111.036	173.501	230.052	264.93	179.185	178.15	73.157	545.884	157.623	54.296	171.345	167.419	118.679	257.255	77.754	282.4	297.125	304.95	125.53	357.593	101.281	88.136	113.214	122.722	105.44	419.087	119.875	126.488	177.074	79.152	173.774	197.066
hsa-mir-758	136.348	49.491	98.416	59.845	25.523	135.608	55.103	86.933	24.46	73.218	96.919	79.017	17.272	114.222	81.883	50.487	45.427	81.652	382.532	86.729	101.018	108.592	28.723	101.444	517.321	109.098	112.311	140.629	102.043	93.636	68.558	31.828	72.539	39.979	140.889	139.585	57.797	100.455	49.092	76.07	39.078	125.804	196.441	103.476
hsa-mir-766	23.88	37.707	34.012	29.447	15.952	34.844	16.128	44.203	85.609	20.099	31.499	33.864	50.583	27.471	56.538	25.493	30.285	30.929	23.798	25.509	55.734	35.539	21.789	43.273	55.789	60.61	26.998	24.01	46.52	24.042	38.624	104.844	34.216	32.71	16.772	33.725	22.65	20.405	21.692	16.806	89.147	22.016	42.094	41.522
hsa-mir-769	72.411	100.16	44.143	79.793	58.49	19.776	93.407	53.044	75.603	116.766	48.46	87.483	93.764	57.834	53.614	150.96	111.885	53.198	91.667	126.267	55.734	57.258	64.378	51.786	45.646	53.875	62.635	69.743	63.026	67.064	73.386	99.227	228.566	55.426	89.733	71.198	102.316	87.898	68.5	71.647	73.272	62.902	71.237	59.977
hsa-mir-874	100.913	227.421	292.354	182.384	74.441	84.755	43.68	101.667	163.435	51.683	150.225	555.94	272.655	53.496	223.228	130.966	543.443	155.881	110.176	71.424	148.044	134.259	235.723	222.042	194.756	189.911	61.555	277.827	183.077	340.38	352.448	9.361	57.484	291.667	46.124	180.805	172.61	164.809	135.858	103.49	106.244	128.949	143.553	183.884
hsa-mir-887	8.474	22.389	18.091	9.499	20.205	14.126	16.8	16.208	18.901	15.792	12.115	2.822	12.337	11.567	15.597	5.499	6.73	9.897	8.814	16.581	14.804	24.68	23.77	21.282	13.187	17.509	15.119	4.573	4.502	24.042	5.794	24.339	9.581	19.081	9.225	11.242	10.935	12.557	23.975	7.076	15.876	8.911	30.222	9.886
hsa-mir-889	235.721	84.841	179.465	113.04	35.094	768.444	54.431	97.247	20.012	154.572	58.152	93.127	24.675	220.491	125.749	78.479	66.458	103.921	1378.524	86.729	90.568	153.016	24.761	119.889	752.651	118.526	126.35	310.983	78.033	126.535	203.744	91.739	94.437	59.06	246.556	154.574	128.091	137.341	97.041	106.144	109.908	360.113	371.294	164.771
hsa-mir-9-2	2495.864	108.408	560.105	940.42	523.216	68.746	79.967	210.702	583.697	316.322	67.844	694.22	592.191	146.03	86.757	165.956	62.252	222.688	409.855	352.018	185.491	128.336	428.857	485.94	519.349	176.442	326.134	168.068	120.05	80.982	182.501	3862.383	2177.533	228.064	1208.458	422.502	125.748	88.683	299.116	83.146	632.581	274.147	127.363	94.249
hsa-mir-92a-1	18970.88	46131.118	15725.627	41867.684	24915.507	29867.596	14883.964	22363.884	21771.333	17631.713	49644.533	32041.361	36222.364	37319.406	51139.763	22841.983	18122.914	47116.984	33181.531	64308.408	30141.787	17512.911	18068.439	39844.912	30505.688	47706.641	16658.733	30716.475	58387.994	25286.785	8998.536	26742.74	39117.573	22785.493	17745.289	18839.278	24011.529	24102.993	42756.425	47272.908	11033.524	15852.848	17542.57	28600.261
hsa-mir-92b	184.109	91.911	233.739	243.179	144.629	117.715	167.998	64.831	124.522	183.285	29.076	149.568	753.81	53.496	28.269	271.428	303.689	30.929	461.858	945.093	52.251	347.494	617.039	57.461	191.713	18.856	113.391	392.159	21.009	103.759	36.693	323.893	596.734	338.916	166.048	283.854	542.823	121.645	371.041	529.834	67.166	436.644	291.423	29
hsa-mir-93	16418.012	27205.682	22143.675	22785.709	21195.568	7905.741	18906.511	16795.751	13093.708	27551.107	10784.705	33824.886	13371.185	12256.421	11433.386	30994.835	17454.966	10841.174	8822.906	43031.701	10447.562	13825.722	21941.025	8275.869	14097.495	14003.556	14787.245	21126.294	12560.269	19316.857	12158.018	21333.907	27180.151	14980.437	11586.433	12014.606	22148.747	19938.807	16970.822	19680.828	17918.638	13579.993	12624.002	10153.178
hsa-mir-940	0.77	0	2.895	10.449	3.19	3.767	2.688	5.894	4.447	2.393	7.269	0	3.701	2.169	3.899	1.5	13.46	2.474	2.644	12.754	5.225	3.949	4.952	3.547	3.043	2.694	0	4.573	6.003	3.796	0.966	1.872	1.369	3.634	0.839	6.558	6.248	4.709	2.283	2.654	6.106	1.048	1.079	1.977
hsa-mir-942	22.34	15.319	15.92	54.145	32.967	9.417	7.392	11.788	50.031	11.964	7.269	33.864	8.636	20.242	17.546	19.495	18.507	14.846	22.035	36.987	20.9	10.859	14.856	11.35	20.287	13.469	18.359	13.72	22.509	8.857	24.14	28.083	24.636	20.898	9.225	14.989	14.059	16.481	98.183	6.192	19.539	15.725	34.539	19.113
hsa-mir-95	16.947	15.319	20.262	4.75	49.982	19.776	16.8	32.416	11.118	18.185	14.538	8.466	33.311	16.627	3.899	76.48	50.475	11.134	10.577	49.742	4.354	35.539	99.043	14.188	5.072	14.816	6.479	57.166	7.503	15.184	8.691	13.106	160.133	35.436	8.386	2.81	17.964	20.405	67.358	44.227	57.396	51.37	39.936	15.818
hsa-mir-96	37.746	216.816	36.906	29.447	89.33	167.626	149.854	139.977	7.783	218.219	4.846	169.322	133.243	1.446	3.899	167.456	64.776	3.711	111.939	253.81	15.675	64.168	115.88	0	120.708	2.694	97.192	182.931	0	194.864	207.607	84.25	197.087	119.938	62.058	52.461	155.427	122.43	101.608	180.444	139.217	122.134	22.666	3.954
hsa-mir-98	218.773	216.816	156.308	475.909	303.082	82.871	267.453	257.852	251.268	169.407	167.186	90.305	152.983	179.285	181.312	373.902	216.2	164.541	130.449	313.756	148.915	171.773	179.268	125.564	241.416	189.911	181.425	452.755	165.069	245.478	256.853	198.455	205.298	154.466	192.045	188.299	311.635	418.302	264.866	215.826	54.954	220.681	185.647	211.566
hsa-mir-99a	3364.795	2313.096	2584.152	206.132	1763.196	969.972	2677.89	2040.715	2382.595	1973.542	8480.446	925.627	2767.26	10134.644	11523.067	505.867	2379.879	10783.028	1070.912	761.431	7149.661	4828.39	2046.231	7029.452	1205.053	8936.577	2678.184	2261.49	10615.453	1105.917	562.952	2340.271	1645.125	2503.251	3646.338	1215.981	3090.577	1623.766	1511.562	1256.035	1867.212	2396.038	1641.681	11333.596
hsa-mir-99b	77659.899	109387.157	57130.681	137224.362	110135.92	78853.995	113779.096	155929.815	62596.752	48824.589	46744.22	36915.012	103552.041	34165.297	34584.798	122506.229	107680.038	37317.492	44525.267	71487.798	44441.981	85435.165	97503.013	48449.943	127218.275	37976.749	47777.498	87058.215	41045.219	128922.872	71984.427	40228.315	60226.363	71313.131	87939.817	110888.494	96691.254	177199.221	84379.178	202977.892	287880.333	53030.483	62881.474	26619.715
