	TCGA.FA.8693.01A	TCGA.FA.A4BB.01A	TCGA.FA.A4XK.01A	TCGA.FA.A6HN.01A	TCGA.FA.A6HO.01A	TCGA.FA.A7DS.01A	TCGA.FA.A7Q1.01A	TCGA.FA.A82F.01A	TCGA.FA.A86F.01A	TCGA.FF.8041.01A	TCGA.FF.8042.01A	TCGA.FF.8043.01A	TCGA.FF.8046.01A	TCGA.FF.8047.01A	TCGA.FF.8061.01A	TCGA.FF.8062.01A	TCGA.FF.A7CQ.01A	TCGA.FF.A7CR.01A	TCGA.FF.A7CW.01A	TCGA.FF.A7CX.01A	TCGA.FM.8000.01A	TCGA.G8.6324.01A	TCGA.G8.6325.01A	TCGA.G8.6326.01A	TCGA.G8.6906.01A	TCGA.G8.6907.01A	TCGA.G8.6909.01A	TCGA.G8.6914.01A	TCGA.GR.7353.01A	TCGA.GR.A4D4.01A	TCGA.GR.A4D5.01A	TCGA.GR.A4D6.01A	TCGA.GR.A4D9.01B	TCGA.GS.A9TQ.01A	TCGA.GS.A9TT.01A	TCGA.GS.A9TU.01A	TCGA.GS.A9TV.01A	TCGA.GS.A9TW.01A	TCGA.GS.A9TX.01A	TCGA.GS.A9TY.01A	TCGA.GS.A9TZ.01A	TCGA.GS.A9U3.01A	TCGA.GS.A9U4.01A	TCGA.RQ.A68N.01A	TCGA.RQ.A6JB.01A	TCGA.RQ.AAAT.01A	TCGA.VB.A8QN.01A
hsa-let-7a-1	25113.082	47478.125	38997.085	35605.431	94720.165	29489.161	23895.21	50056.45	27740.194	25334.983	25063.017	19583.137	42514.412	42689.877	24305.171	31890.638	46803.982	39312.36	37325.315	27095.407	31890.638	35505.263	21261.23	16859.614	26741.086	37280.437	14240.139	36603.705	18073.003	27564.447	68026.386	81869.614	55150.799	25438.014	54929.182	38990.597	35391.712	32347.961	47900.109	29369.792	23348.711	24907.036	11273.621	36527.019	28984.851	34300.972	18581.584
hsa-let-7a-2	25194.295	47191.145	38882.864	35537.545	94737.302	28882.289	24002.18	50133.597	27488.741	25310.095	25015.797	19512.396	41469.007	42860.843	24471.719	31947.728	46776.749	39259.685	37293.24	26991.804	31571.7	35690.425	21628.417	16623.062	26678.308	37475.126	14034.83	36472.815	18052.39	27424.312	68221.518	81338.796	54554.192	25140.994	54677.915	38743.419	35229.09	32034.612	48016.647	29500.304	23559.306	24814.888	10953.757	36087.049	29292.227	34438.273	18490.26
hsa-let-7a-3	25602.647	47471.639	38856.212	35454.573	95194.862	29230.524	24154.868	49916.049	27681.136	25533.374	25321.149	19719.822	42026.048	43230.778	24496.211	32071.983	46883.737	39513.18	37181.531	27187.988	31619.067	35675.391	21437.701	16944.983	26717.544	37369.295	14159.94	36767.753	18245.722	27281.163	68629.766	81348.218	55322.703	25376.344	55342.303	39267.538	35162.461	31683.13	48198.833	29942.72	23138.116	25058.352	11005.278	36069.702	29504.463	34886.385	18599.684
hsa-let-7b	43483.207	31945.548	23561.969	26095.69	27381.654	22898.553	9882.989	43668.591	22527.872	23446.361	16365.2	13824.978	42144.324	23565.284	23756.544	36927.991	18250.071	26850.677	22411.558	13651.306	18706.817	67737.743	21655.322	22927.95	22328.271	30738.888	24728.034	24284.378	15849.683	22130.817	32453.037	31646.004	22458.732	12971.977	26692.112	32038.836	20078.153	11542.54	21332.024	22147.349	20908.382	18907.736	13118.747	15561.396	24341.274	36724.099	49667.994
hsa-let-7c	2113.823	1678.102	1206.939	1504.813	2366.633	1194.346	1077.249	7991.497	865.778	354.828	420.777	711.002	3563.534	912.309	1110.97	3491.725	706.116	741.672	1180.138	894.951	2120.464	807.118	427.33	999.148	110.735	736.823	366.777	2380.445	666.001	1170.807	2232.776	2259.382	2793.438	250.453	596.478	1025.537	800.687	376.351	532.308	376.054	368.139	617.875	522.732	2023.234	2277.878	6287.154	1564.029
hsa-let-7d	2453.544	2104.518	2550.944	2077.133	2690.524	2224.272	2102.122	1703.453	1664.582	1316.205	2811.129	3031.651	1734.075	3957.27	2706.888	2176.976	2112.511	2444.177	2697.616	3525.246	4454.079	1951.326	2378.01	1518.038	2506.786	5447.297	2079.828	2380.445	1392.418	2681.405	2195.908	3451.892	2199.358	3089.765	2831.856	2151.459	1700.754	1066.052	2139.92	1712.15	1321.443	2360.921	1212.91	1985.387	2492.858	1363.952	1651.239
hsa-let-7e	3365.187	9356.837	7142.644	2896.483	5991.129	647.515	903.255	5840.151	2081.032	2552.057	1995.807	1068.901	2733.696	946.208	1106.072	2456.549	974.556	2148.825	1294.059	1154.509	2583.082	1565.966	1880.25	1420.269	1805.758	1184.108	1118.509	2219.887	1733.592	3046.811	11153.09	6484.991	4565.564	750.102	2742.441	2122.706	1936.781	3191.524	2170.963	2287.291	1520.785	1838.104	1075.518	3030.908	2340.085	3510.969	1104.117
hsa-let-7f-1	12097.288	45166.073	39611.977	27549.588	109254.137	22375.738	21650.165	35321.705	20286.105	10347.601	16497.415	14790.766	22913.067	23468.01	14631.695	13310.364	45961.701	38360.461	26382.219	21056.693	23909.295	16934.436	9712.252	14493.135	19331.462	20451.325	6151.8	25657.846	5362.835	21686.302	74911.754	93748.644	67363.557	16718.71	41648.207	22928.554	25908.825	20191.985	35157.789	25934.431	13024.735	18945.565	7425.584	35479.921	21705.705	20930.02	9138.996
hsa-let-7f-2	12566.264	46143.75	40459.119	28400.996	110345.77	22697.186	22047.42	35891.717	20708.034	10616.388	17096.576	15200.221	23513.984	23904.268	14792.365	13305.327	46062.853	39220.18	26855.601	21163.602	24324.546	16689.135	9695.633	14665.78	19477.074	20469.296	6235.207	26345.453	5539.819	21913.833	75848.746	96585.959	68602.276	17049.712	42214.125	23466.797	26864.228	20211.88	35523.179	26073.792	13031.166	19112.401	7673.533	36366.17	22156.707	21112.585	9320.822
hsa-let-7g	2349.454	7886.268	4403.234	6036.225	21930.344	3104.56	2741.28	3678.567	4599.824	1409.356	3019.944	2332.039	4063.345	4079.599	2232.717	3810.757	6205.258	5123.978	6386.238	4696.287	4539.34	5755.065	2772.894	3940.317	4537.501	5663.951	3015.483	4467.697	1709.426	3232.151	12855.323	15269.15	7007.61	7020.247	3709.03	4109.716	7122.612	3272.763	7254.863	3477.39	3125.165	6947.936	3178.253	6104.395	3865.074	3004.013	2844.212
hsa-let-7i	8144.165	4442.511	4091.029	3297.201	3667.339	2760.019	1938.337	4199.585	2829.911	2350.111	3309.556	1950.76	3109.508	2228.451	2176.875	4195.275	2855.586	4203.12	2329.307	3113.591	2980.965	4266.645	4446.602	8611.752	4368.347	2405.157	3864.524	3577.648	1078.253	1913.675	4191.289	3228.885	2098.238	2879.585	2831.856	3771.233	4647.146	3645.798	3342.448	2747.404	6134.583	4882.858	5074.901	3789.424	3211.899	1311.144	1912.048
hsa-mir-1-1	12.582	8.107	3.807	0.943	11.996	0	3.107	174.038	0.609	0	0	0.599	9.538	10.317	1.959	10.914	0	4.233	7.742	590.756	3.158	0.791	3.165	8.585	3.488	1.997	0	1.745	2.132	6.027	27.876	37.691	35.392	1.259	0	2.522	5.647	1.658	4.071	2.212	1.608	0.97	6.44	9.462	4.574	4.526	61.706
hsa-mir-100	11619.161	13248.088	2707.047	11139.956	14194.658	6702.376	12751.214	42411.202	9549.733	21158.113	3794.342	21140.627	15726.861	8902.015	20788.078	61816.709	9998.44	10538.133	5193.934	5848.592	20877.805	5069.807	11847.317	5785.522	7520.358	15255.626	7182.625	18553.16	11040.546	17714.297	10315.012	6710.092	7940.441	9857.042	19670.196	17610.691	9883.795	7654.684	8236.02	16227.822	14770.584	13505.942	1119.527	18759.462	13143.995	22034.459	5736.144
hsa-mir-101-1	19892.581	24153.318	7483.405	24970.851	26533.368	15338.058	33541.178	27021.986	27858.918	39468.361	40318.036	21488.335	38466.329	36119.483	26194.996	60155.222	20064.963	21567.736	25746.25	21543.295	13966.956	86402.734	36177.406	36165.83	44051.425	41810.2	15047.476	13624.732	18358.025	19362.77	28072.912	29963.508	9196.856	19497.611	21532.067	20986.943	40436.378	27274.682	38527.209	17351.559	37344.434	29151.65	13307.66	15108.81	10161.713	22233.62	16028.622
hsa-mir-101-2	20186.548	24415.978	7451.042	25339.511	26944.658	15662.277	34121.303	27572.619	28419.056	39899.274	40361.058	21826.451	37924.55	36025.157	26580.995	60862.971	20870.285	21925.639	25672.145	21695.393	13886.433	86822.119	36495.529	36485.367	44360.087	42100.735	15038.922	13924.905	18537.142	19647.561	28728.447	30043.079	9348.536	19603.33	21887.464	21706.283	41223.513	27714.034	39404.042	17809.459	38190.029	29651.187	13402.117	15048.886	10104.995	22426.746	16486.888
hsa-mir-103a-1	56298.829	44061.931	29695.657	55861.012	37062.401	97148.426	78672.431	78644.779	69372.402	32478.468	60051.554	51934.939	38046.641	55494.63	41518.354	37702.064	114742.8	82952.94	65587.791	27892.266	48713.826	26255.853	47747.75	35160.482	29568.741	34399.04	27363.908	66547.748	60598.258	38801.634	44916.299	45275.584	52749.202	55234.42	95549.681	87727.078	80659.315	91993.815	59535.064	52676.271	76466.868	78911.403	43835.42	62781.75	49756.535	44215.272	39939.916
hsa-mir-106a	29.74	30.806	28.555	33	53.125	1299.648	154.019	246.798	494.991	42.665	35.677	76.735	120.183	73.692	135.197	47.015	616.635	687.116	608.318	513.605	37.894	48.269	35.611	55.8	50.572	30.951	120.833	71.553	93.823	157.464	145.674	31.409	260.384	417.842	539.886	115.518	198.76	263.612	177.606	145.997	122.177	170.716	376.753	165.58	32.933	535.623	129.17
hsa-mir-106b	2190.46	2072.091	1977.934	2237.42	2346.069	5729.719	3410.177	2695.764	2678.309	3089.632	14176.318	4989.605	4608.939	5208.563	5747.851	3228.103	4337.845	3236.172	3887.708	5301.922	4967.222	3093.951	3104.47	2536.263	2970.651	4799.332	2150.403	3001.734	7687.796	5832.94	2020.559	4250.737	2980.509	6081.362	3980.671	2903.587	1360.829	2374.162	2172.998	2563.801	1462.912	1471.453	2063.02	3549.727	3280.51	4167.295	2486.32
hsa-mir-107	181.871	226.99	161.814	211.202	257.056	405.505	466.941	327.236	348.259	547.53	420.777	527.556	635.255	641.122	439.882	329.947	754.746	468.424	405.914	330.096	429.461	493.766	419.416	455.459	456.017	504.194	684.365	413.611	1192.689	229.038	249.085	165.423	202.24	524.819	541.018	371.776	408.813	455.932	431.037	455.689	464.595	311.362	385.34	279.121	237.851	455.656	231.19
hsa-mir-10a	36569.818	21628.869	40801.783	5020.759	12374.698	14057.809	30502.067	79788.093	17992.586	8276.943	10712.511	15742.166	11722.654	2443.633	33684.739	30503.687	8444.208	3853.212	8305.206	10384.515	15217.446	23586.826	16219.532	12695.622	22673.553	11843.078	11265.29	23289.618	15997.525	17238.892	10973.245	4990.952	15749.426	7779.159	732.299	10671.541	11250.271	12689.831	3996.892	20315.746	12941.141	26369.759	3128.878	5208.684	5195.208	1650.623	51181.013
hsa-mir-10b	64974.881	232823.267	103911.004	119861.782	62301.918	79540.834	52019.518	85621.663	114230.272	40854.251	56262.459	37773.644	173687.952	40498.272	25335.807	52228.109	56483.406	24501.501	66461.557	44911.761	66075.42	68674.632	35424.04	14525.089	34023.409	53775.083	39932.7	56748.482	45445.851	59269.664	59915.375	118511.805	104350.692	44682.654	48396.219	68984.917	44915.255	55781.209	37766.405	98663.21	90669.971	100284.817	33878.826	7703.427	72427.364	991.279	45338.736
hsa-mir-1180	9.151	14.592	3.807	15.086	30.847	9.237	7.102	11.7	11.568	23.466	13.641	22.181	30.523	72.218	6.858	30.224	21.397	10.817	30.969	20.941	20.526	34.026	12.662	11.446	21.798	21.965	16.04	27.923	47.622	23.356	23.38	21.987	20.224	12.586	24.9	17.656	6.776	14.921	15.776	13.272	6.43	18.43	24.688	9.462	16.467	72.422	21.391
hsa-mir-1247	4.575	11.349	3.807	161.23	77.117	20.321	2.663	66.544	93.153	7.822	4.197	7.793	64.861	106.117	14.695	19.31	50.576	7.995	16.591	15.981	9.473	81.503	26.906	21.461	20.054	71.885	54.535	12.216	379.557	7.534	40.465	108.886	27.808	21.396	16.978	19.673	18.069	9.948	36.132	13.272	4.823	47.529	1.073	31.539	6.404	66.387	41.96
hsa-mir-125a	1617.395	3772.892	1418.249	1711.301	1497.782	448.919	604.094	2548.416	1572.038	1631.923	1142.71	818.912	997.713	455.418	869.966	2376.791	626.361	958.482	755.421	511.952	1365.749	1003.358	1332.635	893.272	1022.769	1002.398	923.893	949.386	1311.389	1035.946	1598.822	1107.704	872.159	794.151	1121.65	1486.6	1302.104	1649.645	1651.377	1581.637	1427.544	1486.973	1122.747	1477.607	802.289	2131.929	1297.461
hsa-mir-125b-1	609.669	1311.676	544.455	1045.638	592.944	221.688	471.379	1541.481	602.756	1006.175	597.063	716.997	770.7	455.418	519.237	2060.277	669.156	562.015	401.49	470.07	816.292	394.063	754.158	661.012	518.796	606.032	681.157	1043.626	824.505	728.552	734.667	662.738	553.632	518.527	656.465	1180.907	756.643	578.619	444.778	867.136	776.468	765.311	180.326	812.132	672.386	1341.32	366.942
hsa-mir-125b-2	643.984	1256.55	599.662	999.437	579.234	236.468	467.829	1597.056	600.93	959.244	542.499	664.841	734.454	425.941	535.891	2004.027	665.266	569.07	363.885	491.011	898.395	414.637	739.913	630.489	556.289	569.091	695.058	1076.785	837.299	713.484	742.76	693.1	535.936	490.838	657.597	1216.218	725.022	613.436	475.312	875.984	692.873	720.692	176.033	823.171	692.511	1551.042	408.902
hsa-mir-126	13137.042	13954.998	25478.984	9437.141	12193.045	18603.342	6726.7	14753.757	13463.997	5500.896	7193.091	5904.436	14418.197	6492.281	8013.878	12479.201	12138.184	8457.032	16655.76	19398.499	3773.573	21406.026	7569.273	7462.851	12362.161	5686.914	15126.606	10828.931	7838.482	6545.671	18040.256	15100.586	18467.024	12068.331	16236.202	8545.304	10405.541	11593.936	4284.929	13551.205	15228.748	11051.903	5886.37	17218.777	10600.822	3934.94	9269.812
hsa-mir-1266	5.719	1.621	19.037	1.886	1.714	0.924	0.888	0.731	3.044	1.422	3.148	0.599	15.261	2.948	4.898	7.556	9.726	4.703	1.106	0	0	4.748	1.583	0.477	1.744	3.994	3.208	0	4.975	2.26	6.295	3.141	25.28	0	9.055	6.053	1.129	0	0.509	6.636	0	1.94	1.073	1.577	0	1.509	33.732
hsa-mir-127	1907.931	361.562	1831.35	347.917	394.153	352.854	1633.405	3768.146	349.477	268.787	860.443	1081.491	1846.628	794.402	1966.241	370.245	223.701	320.748	197.98	708.135	574.72	832.439	462.94	1766.036	1362.82	392.373	214.933	3839.427	239.533	940.262	648.341	389.476	1049.119	366.241	1231.439	445.93	114.061	527.223	133.84	389.326	90.025	463.648	735.26	1991.695	1236.824	3634.69	1421.695
hsa-mir-1271	14.87	9.728	19.037	21.686	10.282	14.779	3.107	7.678	11.568	19.199	18.888	12.589	11.446	14.738	5.878	28.545	3.89	12.228	18.803	6.613	48.946	50.643	28.489	18.6	37.493	87.86	20.317	6.981	17.769	23.356	5.395	16.752	12.64	25.171	6.791	7.567	10.164	13.263	20.356	15.485	16.076	14.55	17.174	11.039	15.552	18.106	9.873
hsa-mir-128-1	457.537	329.135	234.154	355.46	697.48	875.669	1243.696	504.564	365.916	906.624	772.3	404.66	1005.344	1136.333	969.895	625.471	540.772	748.726	658.09	612.248	1239.437	371.907	548.406	218.906	422.884	1032.351	704.682	603.837	814.554	566.568	474.791	1071.06	500.544	409.032	495.745	1320.638	355.735	218.847	427.475	473.385	318.304	259.953	174.96	443.124	383.306	2684.148	557.818
hsa-mir-1287	70.918	40.534	38.074	37.715	71.976	40.643	35.953	55.941	42.01	44.087	31.48	22.781	76.307	47.163	44.086	95.71	480.47	19.283	32.075	20.941	31.578	97.329	67.265	31	44.468	35.943	76.991	55.846	56.862	22.602	48.558	46.067	45.504	10.068	49.801	41.869	60.983	24.869	66.157	48.666	45.013	50.439	36.495	34.693	35.678	67.896	35.378
hsa-mir-129-1	0	8.107	0	0.943	8.569	1.847	240.572	22.669	3.044	334.918	222.456	180.448	83.938	10.317	1006.143	7.556	5.836	0.47	2.212	23.696	506.827	4.748	5.539	7.154	47.956	576.08	17.109	20.942	8495.953	70.821	8.093	126.685	0	15.103	2.264	53.471	21.457	3.316	8.651	11.06	3.215	36.859	0	11.039	25.615	777.03	16.455
hsa-mir-1296	2.288	9.728	5.711	6.6	3.427	2.771	3.551	4.022	2.435	3.555	11.543	20.982	1.908	1.474	11.756	5.037	0	3.292	8.848	11.573	25.262	3.956	2.374	7.631	3.488	13.978	2.139	8.726	5.686	6.781	5.395	11.517	0	3.776	0	3.027	2.259	1.658	1.527	0	0	0	2.147	1.577	11.893	12.07	12.341
hsa-mir-1301	56.048	64.854	49.496	52.8	46.27	21.245	15.979	23.766	65.146	53.331	23.085	30.574	11.446	26.529	19.594	24.347	38.904	38.095	50.878	14.328	15.789	64.095	79.926	72.015	21.798	29.952	81.268	27.923	291.42	83.629	68.341	65.96	35.392	26.43	13.582	60.029	71.147	18.237	36.132	35.393	49.835	76.628	52.595	28.385	36.592	25.65	30.441
hsa-mir-1306	42.322	16.214	30.459	15.086	35.988	30.482	24.412	14.259	18.265	29.865	14.69	31.174	22.892	28.003	22.533	28.545	1.945	27.278	25.439	24.799	50.525	22.947	42.733	25.277	33.133	88.858	63.09	33.159	81.74	30.137	33.271	20.94	25.28	40.274	27.164	19.673	14.681	11.606	22.392	13.272	11.253	16.49	17.174	12.616	24.7	18.106	22.214
hsa-mir-1307	6909.958	6389.758	6740.966	4213.666	7795.666	4383.886	5363.162	3499.776	5501.523	11026.68	9606.528	10042.158	6964.916	13653.686	8445.922	7019.551	6302.519	6888.093	5874.144	4268.651	6151.398	6339.83	14997.686	4898.45	5203.652	3080.079	5247.155	6513.065	6690.572	4254.535	4658.886	4864.267	8157.849	9977.863	4426.615	4870.42	5782.111	3993.964	5227.918	3196.456	5732.684	6509.507	4337.494	4383.936	7806.991	4319.683	3945.861
hsa-mir-130a	157.85	363.183	213.213	235.716	164.516	99.76	86.997	424.492	236.232	105.951	220.357	759.561	93.476	66.323	82.294	141.885	105.042	265.252	124.982	92.03	80.524	155.884	87.84	245.137	85.449	48.922	128.318	99.476	80.318	88.903	170.853	104.698	96.064	54.118	110.92	364.714	149.07	152.53	143.001	97.332	83.595	126.097	333.819	171.888	175.644	57.334	193.344
hsa-mir-130b	137.261	152.407	161.814	248.917	126.815	460.927	274.306	124.679	176.565	298.653	480.589	144.479	251.813	380.252	509.44	219.964	443.511	297.233	255.494	669.56	729.452	208.11	213.665	150.23	363.593	395.368	383.886	361.255	419.36	1156.492	132.186	194.738	429.76	818.064	471.976	285.516	118.578	232.111	147.581	614.958	93.241	129.007	255.462	145.08	314.695	316.847	401.497
hsa-mir-132	488.421	406.96	447.367	149.916	690.625	462.774	1553.954	806.206	387.225	379.004	249.738	214.02	486.457	613.119	379.141	564.183	665.266	836.673	453.474	368.671	699.453	710.58	782.646	465.474	655.688	428.316	675.81	947.64	838.01	569.582	534.14	427.168	404.48	649.417	1664.932	635.097	993.8	752.702	466.151	356.145	811.836	770.161	1083.032	605.551	201.258	1273.424	490.353
hsa-mir-134	544.469	186.456	1368.753	106.544	109.677	112.692	369.735	906.754	65.755	81.063	261.281	392.07	543.687	308.033	734.769	115.02	52.521	79.011	45.347	193.979	115.26	127.398	208.917	407.767	479.559	101.837	108.001	1164.045	688.035	398.557	272.465	171.705	685.087	129.632	519.513	115.518	24.845	182.373	34.605	112.816	28.937	113.487	346.699	802.67	579.075	893.207	541.363
hsa-mir-135b	25.165	6.485	3.807	14.143	17.137	28.635	30.182	8.775	34.095	7.822	16.789	0.599	1.908	1.474	2.939	91.512	48.631	15.05	9.954	3.858	3.158	27.695	12.662	61.523	7.847	0.998	17.109	1.745	4.265	0.753	5.395	30.362	25.28	5.034	33.955	5.044	73.406	16.579	23.409	17.697	40.19	26.189	262.976	39.424	39.337	46.773	20.569
hsa-mir-136	125.823	34.048	142.777	41.486	29.133	31.406	117.179	236.926	61.493	18.488	73.452	68.343	87.753	42.741	120.502	24.347	17.507	21.164	21.015	44.637	50.525	113.155	28.489	119.707	81.089	23.962	5.347	160.558	13.505	62.533	44.961	36.644	50.56	49.084	100.733	25.727	12.423	51.396	16.794	35.393	9.646	42.679	92.31	141.926	113.436	396.813	151.384
hsa-mir-139	122.391	94.039	207.502	149.916	385.585	202.291	168.667	383.542	407.926	43.376	39.874	44.363	280.428	212.233	57.802	165.393	303.455	171.661	216.783	122.89	61.577	205.736	106.832	97.769	519.668	126.797	58.813	197.207	125.808	69.314	320.124	191.597	343.808	36.498	130.161	152.847	198.76	107.766	78.37	103.968	202.557	186.235	35.421	124.579	49.4	137.3	173.598
hsa-mir-140	5946.842	5669.877	4648.81	7391.123	6227.621	10320.513	14750.803	14289.777	9384.127	6386.899	6532.019	3833.777	7987.429	4968.326	5705.724	7696.235	14725.329	12182.792	8092.848	6270.166	8412.383	9299.261	6166.208	7670.311	6522.003	10953.5	6942.028	8448.486	10832.998	4968.773	6060.778	8184.239	5710.747	6924.597	9026.4	9440.694	8853.857	7094.302	10015.639	7421.53	10187.33	8190.475	4997.618	7544.155	4220.935	6195.117	4488.87
hsa-mir-141	175.008	162.135	123.74	108.43	56.552	271.568	56.37	366.358	60.276	1001.908	22.036	23.38	61.046	58.954	110.705	1049.448	499.922	225.276	74.104	61.17	149.996	53.017	65.682	155.476	75.858	71.885	965.596	57.591	51.176	27.876	508.961	50.255	35.392	35.24	4551.117	38.338	102.768	59.686	87.531	119.452	130.215	32.979	68.696	159.273	83.248	187.091	3993.58
hsa-mir-142	93574.398	70483.524	93098.046	85125.672	83966.636	110199.4	11819.551	37338.135	96834.963	95983.384	95692.769	97905.492	63040.98	153085.178	107797.435	92034.107	57187.577	51623.544	62140.284	133162.505	154430.708	142818.674	96902.523	141200.879	119859.253	130696.186	69851.215	64621.054	66978.93	35326.884	58133.111	139517.356	86662.292	90577.301	72644.695	57562.256	93845.237	53302.596	100381.835	88963.238	79550.236	94887.872	61626.554	59314.025	73865.446	40161.136	43337.832
hsa-mir-143	134864.857	128515.045	127709.03	86105.31	63175.91	71762.346	34301.066	600802.809	59063.44	86190.424	92470.306	43893.899	289817.578	52518.94	103317.305	103311.06	37581.686	46571.053	66145.232	74095.202	44073.437	118867.854	81141.975	130076.71	117636.714	50519.285	67515.819	114826.803	69380.656	55029.443	113713.321	115748.826	114177.02	39196.591	87578.153	47007.242	60214.133	126991.156	56576.326	84687.286	52214.689	51607.557	158298.688	88804.669	71835.482	20717.28	184771.783
hsa-mir-144	89.22	37.291	161.814	92.401	299.899	553.297	151.8	205.116	56.623	31.287	139.56	57.552	2678.374	542.374	67.599	587.691	5964.05	1019.622	3072.561	175.243	80.524	145.598	170.932	493.613	238.908	145.767	42.773	164.048	77.475	587.664	50.357	347.597	1367.647	94.392	10408.373	1506.778	197.631	97.818	82.951	196.875	194.519	186.235	2543.891	510.934	2608.124	567.307	267.391
hsa-mir-145	1943.39	6714.029	5522.604	5071.674	894.556	731.571	830.462	11021.808	3740.135	1092.215	1700.948	2330.84	2109.887	1831.987	1688.009	2617.744	534.936	1089.227	3502.808	2731.143	2251.513	5349.133	2010.032	6498.995	4408.456	1603.438	2878.61	2780.094	2566.627	1485.735	2123.97	4102.066	2057.79	2256.598	2666.608	1272.716	2329.784	1609.854	3742.951	1475.458	1978.95	2553.946	3403.661	856.287	1442.656	423.972	11327.485
hsa-mir-1468	17.158	19.456	11.422	48.086	44.556	8.313	6.214	15.722	15.83	12.799	10.493	15.587	17.169	17.686	2.939	30.224	19.452	7.055	19.909	13.226	12.631	23.739	7.914	15.261	5.232	63.898	9.624	13.962	7.819	10.548	12.589	20.94	17.696	13.844	1.132	23.709	13.552	8.29	15.267	22.121	19.291	22.309	8.587	15.77	18.296	6.035	47.719
hsa-mir-146a	3644.285	6015.225	5257.991	5140.503	6563.508	5152.405	7535.857	3432.135	6876.295	3796.443	1624.348	2363.213	1598.63	9357.432	3132.074	2180.334	4359.242	4562.433	9456.587	22053.042	6179.818	5069.015	4933.283	4344.745	8550.102	16295.964	3355.527	7980.773	11120.153	4429.328	3547.443	5874.602	2237.278	6453.895	9182.594	8345.039	6236.097	9431.99	7944.93	1878.056	7309.735	3594.73	3221.188	5396.342	4155.983	3797.64	3160.967
hsa-mir-146b	6173.323	4828.394	2078.829	7958.728	1859.375	13527.604	3056.865	13223.976	4721.593	4183.269	2881.434	1008.952	2954.986	2588.069	2806.817	3141.629	34572.428	21745.041	3224.088	3593.58	1261.542	2011.464	5442.913	6022.551	2116.163	556.111	4279.42	6420.57	2039.228	3299.205	6453.739	4824.482	7290.746	3844.901	11842.411	6856.421	13076.379	15418.791	4896.116	2442.137	14775.407	9718.186	19862.74	13596.51	2628.25	8215.395	4184.456
hsa-mir-148a	182509.366	158776.006	663763.327	93874.522	221997.387	443635.211	69955.906	148975.214	35017.108	133245.271	15512.103	51449.947	57451.496	574965.514	180903.988	58618.83	120522.054	155745.401	156284.756	212525.463	15517.437	37993.084	175228.079	16952.137	196628.814	39935.195	37648.632	141777.838	161391.125	25081.191	128429.142	74574.261	594782.261	89469.768	381293.255	214795.343	27320.473	105880.675	38600.999	205758.871	179967.056	287371.789	65397.308	78310.031	168726.705	177363.516	918366.302
hsa-mir-148b	804.122	544.775	472.115	502.547	971.673	1308.885	948.529	709.681	614.933	871.07	561.386	657.647	469.288	1448.788	518.257	570.06	1488.095	1171.531	662.514	601.777	701.032	770.718	906.097	541.782	882.389	1148.166	661.909	640.486	1051.244	679.58	805.706	632.376	586.495	913.715	861.328	919.099	877.48	676.437	1167.414	679.109	895.43	807.99	626.849	693.86	682.449	692.537	1047.348
hsa-mir-149	6.863	16.214	9.518	7.543	5.141	9.237	3.551	23.766	7.915	3.555	3.148	19.184	17.169	4.422	8.817	19.31	5.836	8.936	6.636	30.86	25.262	26.904	11.87	16.215	13.079	16.973	19.248	8.726	4.975	10.548	13.488	9.423	5.056	12.586	9.055	8.576	4.517	8.29	11.196	8.848	11.253	4.85	10.734	20.5	12.807	178.038	41.96
hsa-mir-150	11619.161	31397.53	3103.014	34021.417	15838.105	2187.324	8847.464	5703.772	20823.106	8707.145	2535.158	3487.868	20082.079	2349.307	4708.398	26863.361	3983.814	7124.657	11246.149	1947.51	3243.062	32291.036	16473.556	19423.539	6264.785	16509.622	28164.829	4392.654	28353.014	4923.568	37260.295	42541.921	3797.053	1006.848	556.864	23748.782	34511.973	1981.232	33811.243	7587.436	8811.229	19921.361	5970.093	4711.943	2463.584	1404.689	4864.862
hsa-mir-151a	3972.568	2923.302	2825.076	1767.873	4755.545	6168.477	10171.498	5084.767	2565.673	9087.571	6825.829	3122.775	5747.82	1839.357	4812.246	8597.081	1980.236	2912.601	2797.159	4253.772	4596.18	4621.144	4230.563	1883.359	4733.684	13875.831	3977.872	6422.315	14692.533	10541.785	4363.041	4444.428	4633.82	13812.695	4032.735	2568.636	2954.297	4478.081	5632.493	7808.644	2750.595	2634.454	1591.81	3970.774	4795.436	6291.68	7031.136
hsa-mir-152	720.621	449.115	713.884	251.745	195.363	229.078	536.627	1276.767	235.014	482.822	614.902	371.688	789.777	250.553	780.814	1044.411	334.578	337.209	245.539	366.467	952.077	636.99	534.162	479.305	544.082	573.084	418.104	897.03	362.498	368.42	364.186	183.221	490.432	488.321	407.461	316.287	176.174	558.724	323.151	360.569	213.81	358.891	244.729	492.01	464.724	333.444	339.792
hsa-mir-153-2	85.788	32.427	28.555	52.8	32.56	46.185	17.311	23.034	88.891	63.997	23.085	12.589	76.307	26.529	30.37	109.143	40.85	30.57	56.408	6.613	18.947	420.176	57.769	134.015	21.798	1899.964	64.159	38.394	123.676	21.096	61.147	120.403	27.808	8.81	20.373	42.878	118.578	16.579	130.787	30.969	416.367	32.979	25.761	129.31	35.678	122.212	368.588
hsa-mir-154	9.151	4.864	30.459	0.943	1.714	5.542	12.428	35.1	10.35	2.133	8.395	13.189	5.723	2.948	18.614	9.235	13.617	9.876	5.53	15.981	3.158	3.165	2.374	24.8	13.079	1.997	2.139	27.923	8.529	6.027	9.891	3.141	15.168	3.776	21.505	3.531	0	1.658	1.018	2.212	1.608	4.85	16.101	15.77	14.637	33.194	27.973
hsa-mir-155	12267.721	17847.871	140404.737	48755.577	27674.699	32254.722	10248.286	6102.67	27379.149	50221.987	8223.524	31850.624	2819.541	30013.349	32372.932	6384.844	34514.071	38461.577	31465.549	15777.916	28840.202	56719.005	19217.17	11950.195	20062.136	12005.818	15684.791	9903.978	34254.62	4240.221	16115.914	27719.831	33422.659	13204.811	17545.737	31570.206	19236.811	56200.666	19898.456	110011.183	60953.576	19709.906	106781.148	14545.837	69617.067	23043.844	15261.828
hsa-mir-15a	1337.153	891.745	841.431	1539.699	3081.25	4557.542	1749.697	2488.088	2573.588	977.021	1536.205	803.325	1146.512	2019.166	1859.455	977.246	5242.373	3488.255	3979.509	4166.701	1465.22	1421.951	770.776	1208.516	1221.568	921.528	590.265	2111.685	630.462	1120.328	1143.814	2093.959	2002.174	3257.153	6410.725	2076.801	1995.506	2233.238	1739.925	1957.691	1819.798	2269.743	1932.069	2190.391	1492.056	1549.534	1227.528
hsa-mir-15b	2276.248	1747.82	2668.973	3333.03	6986.795	2182.706	2279.666	2193.758	2135.219	4206.735	13182.612	6173.61	2207.178	7765.681	3653.27	3240.697	5382.429	3845.217	10520.591	5953.296	3359.901	2027.29	2560.812	744.95	2709.073	1951.881	3065.742	6153.555	2794.787	2127.644	976.559	3728.294	2292.894	7888.654	6585.028	2192.319	3059.324	4264.208	4330.221	880.408	2570.545	3500.642	1881.62	1822.961	2190.056	1532.937	1740.095
hsa-mir-16-1	2008.589	1592.17	1511.53	1883.845	3617.641	3209.862	1662.7	1601.809	2404.938	1695.92	2503.678	2257.702	2241.516	4303.623	3198.693	2145.073	2711.639	2362.344	2654.481	8078.253	1867.84	4318.079	1445.798	2518.14	2897.409	3262.787	1803.943	1855.142	2015.061	1804.429	1231.939	3540.885	2186.718	3161.503	3697.712	2208.966	1688.331	2137.078	2274.778	2468.682	2618.772	2411.36	3043.008	2832.212	2903.608	1256.827	1514.664
hsa-mir-16-2	2041.76	1575.957	1601.003	1920.617	3607.359	3214.48	1690.219	1563.053	2485.914	1717.963	2580.279	2357.218	2289.208	4296.254	3083.09	2213.916	2968.409	2288.036	2725.267	8036.923	1937.311	4344.192	1483.783	2675.047	2983.729	3488.427	2055.234	1965.089	2149.399	1884.291	1222.946	3618.361	2042.622	3390.561	3798.445	2286.146	1726.728	2150.341	2226.433	2594.77	2462.836	2521.937	3261.976	2781.749	2857.868	1274.933	1537.701
hsa-mir-17	10714.381	7077.213	9552.715	9423.941	6570.363	22843.131	12646.906	7542.507	8094.594	5859.99	9889.844	13268.046	17003.094	12436.292	33104.762	6278.22	21930.431	12106.602	14424.89	16337.812	5185.11	2801.964	4156.176	2255.357	5616.073	3599.249	13347.257	8612.534	14206.36	2858.457	5523.041	5742.683	12164.725	24753.357	33467.289	6528.027	4574.869	9829.894	10968.298	5899.618	2978.874	5603.55	6687.105	8819.912	4916.191	10670.207	9009.004
hsa-mir-181a-2	12563.976	7459.852	6124.17	5759.023	8664.516	3594.121	12343.306	7095.712	10582.334	12556.208	5538.313	6326.481	7544.849	15388.4	14510.214	10148.586	11204.478	13532.568	9195.563	15450.576	11759.653	7055.158	13427.645	6051.643	24156.699	8191.912	9372.593	9261.746	16884.579	13239.765	6285.584	10809.017	6461.562	10511.493	7007.203	12861.338	12875.36	6848.928	19249.61	19437.551	10208.229	8251.583	3965.034	8282.17	5616.936	11454.781	5126.493
hsa-mir-181c	242.495	359.941	409.293	454.461	747.177	107.149	73.237	314.073	390.878	359.094	719.834	126.494	249.905	591.011	150.873	706.908	190.632	233.742	619.379	116.277	203.678	408.307	284.095	356.26	229.316	501.199	194.616	188.481	592.791	153.697	234.698	348.644	108.704	103.202	92.811	419.699	298.14	250.348	564.369	148.209	213.81	535.427	435.789	223.928	118.011	342.497	111.893
hsa-mir-181d	3.432	32.427	87.57	49.029	42.843	15.703	7.102	51.188	63.32	36.265	26.233	21.582	13.354	53.058	16.655	10.914	5.836	21.164	97.331	12.124	33.157	30.86	13.453	29.092	15.695	34.944	22.456	15.707	54.73	30.137	8.992	47.114	5.056	13.844	3.396	73.145	22.586	11.606	107.887	13.272	25.722	54.319	52.595	7.885	27.444	45.264	24.682
hsa-mir-182	10652.614	8066.239	62770.363	13623.464	6028.831	17166.063	60684.112	16618.452	6837.329	13354.748	69067.315	85811.859	19053.843	66840.277	19401.814	9277.124	22943.891	2845.348	17860.23	22046.429	5830.881	2525.803	20792.75	984.364	22912.461	30826.748	18628.63	4408.361	31009.198	56368.262	13093.618	58187.983	8107.289	14837.163	41834.96	48901.939	2923.806	4433.317	12426.293	61880.737	25977.129	16524.506	38976.267	15834.21	26465.463	9039.198	35067.649
hsa-mir-183	3119.261	3276.757	7226.406	4452.211	2051.311	6577.676	17568.427	7366.641	2736.758	3620.096	40981.206	28351.365	5515.084	19187.969	8565.444	3045.919	7463.816	969.299	6924.876	7118.275	2022.572	644.112	10295.478	275.183	5896.833	6597.459	4626.949	1776.608	17974.915	18600.314	4053.707	15775.888	2515.358	3769.387	22674.091	16507.973	495.771	1531.932	2649.837	8204.606	1286.076	4204.845	14836.141	4546.363	6459.476	1495.217	8555.674
hsa-mir-185	488.421	622.6	388.353	441.261	790.02	762.053	551.274	674.215	765.318	644.236	495.279	314.735	635.255	303.612	415.389	409.705	2052.209	1416.56	814.041	462.355	557.352	332.343	734.374	750.196	388.879	562.102	527.175	600.347	428.6	630.608	883.938	462.765	1198.271	675.847	1200.879	660.319	1298.716	575.303	739.939	871.56	921.152	741.061	685.884	823.171	572.671	660.853	280.554
hsa-mir-186	1069.494	1579.199	1144.118	1122.953	1516.633	1755.956	1621.421	944.779	1387.558	1041.018	1097.589	1278.125	1560.477	1834.935	1172.691	1088.908	1982.181	1807.384	1508.63	1101.054	1904.154	1289.014	1040.627	951.456	1449.14	4233.237	1424.335	987.78	850.804	1083.411	1555.66	1807.087	1496.575	1798.482	1337.831	1576.392	1555.072	1391.007	1849.847	1159.13	1118.886	1586.88	1289.119	1160.639	1838.769	1291.53	1195.441
hsa-mir-188	13.726	11.349	7.615	15.086	11.996	11.084	11.984	9.872	20.701	23.466	23.085	122.897	13.354	22.108	29.391	13.433	13.617	10.817	13.272	27.554	7.895	13.452	40.359	34.815	13.951	3.994	26.733	12.216	13.505	12.808	12.589	10.47	10.112	5.034	7.923	9.08	13.552	14.921	18.829	13.272	12.861	13.58	16.101	14.193	6.404	7.544	11.518
hsa-mir-18a	201.316	298.329	159.91	280.974	53.125	532.976	135.821	138.938	264.848	79.641	95.488	213.421	280.428	92.852	367.384	94.87	381.263	165.548	246.645	262.313	61.577	54.599	76.761	122.569	129.917	39.936	577.433	94.24	246.641	70.821	137.581	46.067	224.992	509.717	324.837	70.622	85.828	175.741	109.413	86.271	38.582	84.388	492.678	164.003	159.177	158.424	211.444
hsa-mir-190a	5.719	12.971	5.711	2.829	1.714	6.466	26.188	10.238	5.48	2.844	12.592	1.199	15.261	19.16	7.838	7.556	42.795	8.465	16.591	1.102	1.579	2.374	0.791	7.631	6.103	3.994	2.139	1.745	5.686	3.767	6.295	1.047	5.056	7.551	44.142	7.062	6.776	1.658	2.544	0	4.823	1.94	22.541	1.577	8.233	15.088	9.05
hsa-mir-191	4754.957	5240.218	7689.003	8021.9	9814.416	3334.561	7093.329	2972.908	3088.67	10678.963	16350.51	20620.864	2396.038	6112.029	5372.629	4351.433	5454.402	3750.686	6706.988	4255.976	7813.98	5342.802	5319.462	1819.928	7517.743	8580.291	4752.06	6003.468	4510.61	4665.147	1725.613	7778.011	5101.5	7083.175	3542.65	3782.331	5482.841	6726.241	7064.535	2760.676	4924.064	8046.918	4314.954	4599.979	4975.653	1889.013	1953.185
hsa-mir-192	3931.39	2352.585	3441.871	2058.275	2051.311	4049.506	8454.204	2446.406	2211.325	4538.808	1285.417	3775.626	3519.658	4959.483	3359.363	3111.405	2573.528	29072.87	2279.535	3311.428	1889.944	1687.034	2264.847	2569.647	11633.231	9516.795	3857.039	1403.136	3175.765	1883.538	3232.715	3402.684	1944.03	2373.644	2396.099	1542.089	3013.022	1513.694	2627.954	6547.758	2660.57	1707.157	1746.375	3049.832	2199.204	5138.96	30297.402
hsa-mir-193a	801.834	549.639	1085.103	418.632	610.081	512.654	233.027	805.475	580.229	867.515	1758.661	690.619	465.472	337.51	377.181	825.286	354.03	1291.929	575.137	281.601	334.727	497.723	1577.954	960.041	1120.424	561.104	465.154	685.861	536.639	594.445	848.869	333.986	295.776	425.393	763.99	633.079	840.213	809.072	384.219	444.628	1077.089	692.563	332.745	742.746	540.653	466.218	471.43
hsa-mir-193b	96.083	650.163	226.539	549.691	138.81	120.081	25.3	95.428	575.967	1226.609	169.99	1416.609	64.861	75.166	175.365	129.292	60.302	518.277	313.008	276.09	928.394	209.692	390.927	131.63	119.454	346.446	136.873	83.769	103.063	1008.823	214.016	98.416	922.719	695.984	64.515	250.709	214.571	550.434	209.157	358.357	1409.861	173.626	531.319	190.812	130.818	25.65	166.193
hsa-mir-195	69.774	212.397	70.437	133.887	73.69	53.575	55.483	265.445	138.817	70.397	100.735	74.338	156.429	57.48	88.172	162.035	54.466	42.327	71.892	74.947	71.051	90.207	49.855	189.337	44.468	40.935	58.813	75.043	72.5	45.958	81.829	69.101	53.088	31.464	36.219	80.711	63.242	91.186	69.719	97.332	45.013	76.628	109.484	50.463	103.374	48.281	109.424
hsa-mir-196b	582.216	1339.239	1075.585	16.972	126.815	184.74	113.184	646.062	1015.553	76.085	108.08	334.519	93.476	1131.912	48.005	219.964	99.206	409.166	48.665	3223.807	6824.009	65.677	72.804	47.692	2147.553	1519.572	80.199	109.947	36.961	403.077	375.876	100.51	1597.695	324.708	57.724	325.367	121.966	338.219	371.496	2349.229	46.62	300.692	77.283	1116.484	1866.213	1178.37	404.788
hsa-mir-197	934.52	1125.22	1094.622	1320.012	940.827	832.255	1031.087	746.975	848.73	989.82	1282.269	1952.559	908.053	677.968	1039.453	1011.668	1062.091	1175.764	829.525	903.217	1518.903	937.681	1575.58	1474.638	777.758	2412.146	1348.413	954.621	1036.317	1802.922	1364.125	912.966	1779.71	892.319	769.649	1032.095	1112.379	852.178	684.469	785.289	1004.747	932.147	1314.88	1081.791	1280.734	921.874	1247.274
hsa-mir-1976	150.987	115.116	121.836	157.459	109.677	48.956	67.911	62.156	93.762	90.307	104.932	103.113	55.323	81.061	145.974	94.031	95.316	83.244	61.938	115.726	112.102	79.129	258.772	164.538	81.961	333.467	114.417	85.515	129.362	121.3	80.031	93.181	126.4	36.498	38.482	96.349	75.664	51.396	51.908	86.271	109.316	93.118	112.704	116.695	170.155	54.317	68.287
hsa-mir-199b	17217.131	14467.346	7491.019	7763.555	4841.23	1504.709	5177.184	17486.449	6039.742	8767.587	6523.625	8388.748	10682.972	2986.007	8308.765	11292.904	3264.082	3004.311	4025.962	4980.093	9119.731	4076.735	5078.1	12205.825	6544.674	5436.314	3132.039	8951.101	4414.654	8112.021	5879.134	3898.952	4307.708	2990.338	3274.404	5792.041	3361.981	6858.875	2613.196	7921.46	4163.671	5530.801	7920.409	3688.499	10503.852	561.272	4687.15
hsa-mir-19a	276.81	306.436	563.492	487.461	239.919	857.195	453.181	287.017	552.222	120.172	120.672	441.829	415.873	169.492	507.48	123.415	1027.077	491.939	648.136	455.742	63.156	83.877	87.049	134.968	166.538	69.888	467.293	153.577	137.181	132.601	326.419	203.114	419.648	975.384	716.453	188.663	421.236	417.8	373.023	526.475	289.367	342.401	871.578	318.545	268.954	958.086	479.657
hsa-mir-19b-1	479.27	797.706	1033.704	987.18	563.811	1230.37	932.106	539.299	784.801	290.831	392.446	1216.977	816.484	642.596	1398.02	349.256	1330.532	933.556	1641.354	1662.603	361.568	294.361	228.7	389.644	442.066	265.576	1058.627	446.77	568.624	314.928	490.078	624	768.511	2639.2	2431.186	491.834	691.143	819.02	951.132	685.745	549.798	557.736	1412.557	610.282	538.823	1386.584	1104.117
hsa-mir-200a	146.412	17.835	3.807	10.372	20.565	27.711	7.102	14.991	11.568	20.621	10.493	8.992	5.723	19.16	23.513	277.894	1.945	12.228	9.954	4.96	9.473	21.365	17.41	18.123	5.232	14.976	8.555	10.471	10.662	12.055	12.589	8.376	2.528	10.068	6.791	12.107	16.94	3.316	16.794	13.272	9.646	14.55	23.614	25.231	6.404	0	5415.275
hsa-mir-200b	73.206	1.621	0	1.886	30.847	24.016	1.332	16.088	10.35	15.644	10.493	7.194	5.723	11.791	9.797	195.617	5.836	11.287	5.53	1.102	9.473	7.913	13.453	13.354	3.488	11.981	9.624	12.216	7.108	6.781	23.38	3.141	10.112	5.034	10.187	9.08	19.198	8.29	13.231	8.848	12.861	11.64	9.66	9.462	8.233	1.509	4481.465
hsa-mir-200c	514.73	525.319	359.797	566.662	179.94	902.456	207.727	1563.053	291.637	1718.674	72.403	104.312	118.276	228.446	420.288	2516.158	1373.327	864.421	294.205	141.627	715.242	139.267	237.405	169.307	172.641	210.663	1439.305	225.13	319.14	162.738	2402.73	199.973	219.936	153.544	17171.099	293.587	334.278	167.451	440.706	305.267	335.987	160.046	237.215	238.12	300.973	312.321	20673.812
hsa-mir-203a	448.387	35.67	70.437	51.858	1974.194	290.042	45.718	67.275	63.32	107.373	57.713	41.965	57.23	61.901	121.482	2120.725	31.124	28.689	46.453	22.043	9.473	60.929	49.064	61.523	66.266	26.957	36.357	62.827	75.343	9.794	63.845	63.866	108.704	32.723	47.537	64.065	46.302	49.738	129.769	64.15	88.418	37.829	113.777	135.618	147.284	96.563	13102.958
hsa-mir-204	2.288	3.243	1.904	1.886	3.427	5.542	1.775	38.756	1.827	0.711	13.641	1.798	5.723	1.474	8.817	36.101	1.945	0.47	7.742	2.755	1.579	6.33	3.957	6.2	2.616	0.998	1.069	36.649	9.24	3.014	8.992	11.517	0	0	4.527	1.009	2.259	1.658	0.509	0	8.038	0	3.22	58.347	27.444	485.832	208.153
hsa-mir-20a	4078.946	3918.814	5454.071	5755.251	3374.294	12618.682	7682.775	4446.383	5228.76	1760.628	2814.277	5242.593	6327.753	3652.184	9777.323	2008.224	14281.819	8325.346	9766.276	7575.119	2050.992	1030.262	1198.897	816.011	1798.783	832.67	4469.759	3600.336	3592.282	1452.584	3333.428	2965.046	5713.275	12574.272	23895.343	4385.143	3331.49	5797.797	7477.76	4667.49	2195.975	3338.656	3776.121	5356.918	2146.145	9784.543	3829.855
hsa-mir-20b	70.918	81.068	78.051	78.258	155.948	3942.357	15.535	497.618	1268.833	82.485	37.776	8.992	120.183	32.425	15.675	88.993	470.744	1852.063	1369.27	1674.726	14.21	113.946	37.194	53.415	58.419	74.88	98.377	43.63	74.632	613.28	587.194	97.369	1428.319	302.054	201.467	143.767	370.416	89.528	119.082	50.878	210.595	74.688	536.686	517.241	91.481	1318.688	78.16
hsa-mir-21	1792287.09	1790790.937	2202605.258	1034121.724	2106056.731	2538117.513	501287.185	2705806.582	2082727.061	2242929.242	1413814.365	584631.509	640102.685	455725.679	1052429.873	993988.001	3236174.132	3177499.565	1312747.931	1109172.47	680146.255	807706.354	1850551.564	2361056.612	1526289.195	343235.611	1090520.72	1667220.746	417901.671	752413.873	1679175.371	769250.438	1546684.655	675009.75	1946310.332	1314502.807	3094373.323	3210172.489	1615322.458	2432074.014	3731573.85	2009949.684	1725701.29	2609093.297	1072249.203	1129960.085	859045.922
hsa-mir-210	3121.549	852.832	1545.796	324.346	418.145	4401.436	833.569	506.393	736.702	6768.036	4917.115	11001.351	1138.881	7874.746	9639.186	4395.93	1517.273	1801.27	1286.317	1836.192	8297.124	787.335	4938.822	2176.188	8045.258	21374.849	13627.419	2230.358	6930.105	9534.469	1925.241	2342.093	8251.385	5876.216	3815.423	2263.951	529.65	4832.879	3699.186	9100.499	2549.646	1323.047	4297.78	4910.639	9003.563	4405.685	1960.59
hsa-mir-212	10.295	9.728	9.518	2.829	20.565	18.474	13.316	27.056	10.35	14.222	10.493	11.99	28.615	20.634	22.533	22.668	42.795	24.456	18.803	19.839	11.052	60.929	37.194	48.169	40.109	9.984	41.703	26.178	22.745	20.342	12.589	14.658	7.584	11.327	33.955	14.629	25.974	18.237	7.125	8.848	17.684	9.7	86.943	15.77	6.404	34.702	25.505
hsa-mir-214	88.076	175.106	98.992	104.658	20.565	15.703	51.044	172.941	79.759	34.132	47.219	51.557	80.122	20.634	33.31	142.725	36.959	26.807	57.514	78.804	110.523	58.556	45.898	146.415	92.424	52.915	37.426	109.947	49.044	77.602	73.736	74.336	45.504	52.86	61.119	53.471	41.785	102.792	40.712	68.574	49.835	80.508	88.016	67.809	77.759	9.053	54.301
hsa-mir-215	30.884	19.456	17.133	11.314	13.71	26.787	34.177	156.122	20.092	38.398	11.543	10.191	49.6	7.369	23.513	38.62	21.397	42.327	21.015	16.532	9.473	26.113	24.532	33.861	121.198	43.93	42.773	5.236	10.662	6.781	11.69	15.705	12.64	8.81	4.527	10.593	28.233	21.553	23.918	35.393	59.481	21.339	33.275	7.885	15.552	24.141	185.117
hsa-mir-217	54.904	29.184	17.133	13.2	49.698	24.016	37.728	761.234	30.442	14.933	40.923	55.753	74.399	26.529	96.01	33.582	1.945	12.698	35.393	20.39	7.895	82.294	49.855	17.169	49.7	18.97	16.04	13.962	71.789	24.863	139.38	292.107	70.784	30.205	26.032	25.222	106.156	14.921	15.776	17.697	14.468	24.249	15.027	214.466	27.444	78.457	100.374
hsa-mir-218-1	10.295	47.019	39.977	51.858	53.125	31.406	54.595	133.088	49.925	36.976	18.888	25.778	62.953	60.428	24.492	74.721	25.288	60.199	68.574	96.439	59.998	61.721	28.489	72.969	61.035	35.943	22.456	80.279	29.142	48.972	41.364	26.174	50.56	67.962	92.811	113.5	48.561	59.686	44.274	26.545	49.835	57.229	20.394	58.347	26.529	190.108	41.137
hsa-mir-219a-1	20.589	4.864	5.711	11.314	10.282	4.619	28.851	8.409	6.088	10.666	13.641	8.393	7.631	10.317	8.817	2.519	21.397	7.525	7.742	11.022	25.262	5.539	10.288	11.446	6.975	14.976	16.04	10.471	9.951	37.671	10.791	15.705	5.056	30.205	12.45	13.116	7.905	6.632	7.633	8.848	3.215	8.73	4.293	7.885	10.063	232.355	8.227
hsa-mir-22	330048.008	348435.573	317280.363	210536.218	219505.653	212709.912	171949.635	483426.858	243868.583	294432.336	412808.921	244133.96	272812.577	171929.741	318233.25	351666.804	274336.58	311536.893	193728.417	205237.455	166141.415	155557.681	499882.236	393543.774	303051.693	143910.074	277235.208	444670.267	150719.474	303567.544	257699.059	151342.99	237214.671	192140.572	231838.704	362591.267	334639.655	321664.175	136855.636	272329.219	376919.961	339791.215	232845.415	353062.979	245878.15	157450.425	248570.337
hsa-mir-221	192.166	585.309	352.183	326.231	1583.468	1082.578	946.31	423.03	1436.874	901.646	773.349	208.025	183.137	1655.126	337.014	594.408	291.783	1023.855	1402.451	3435.421	517.879	4667.83	554.737	1553.33	4692.704	323.483	921.754	795.809	549.433	427.94	480.186	1075.248	187.072	313.381	826.241	1127.435	543.202	790.835	1560.793	5680.622	4047.924	795.38	1046.537	383.2	1782.051	632.186	1210.251
hsa-mir-222	293.968	390.746	148.488	174.43	808.871	811.01	504.225	156.122	458.46	391.804	360.966	65.945	156.429	694.18	314.481	554.109	441.565	573.302	432.459	950.059	173.679	864.882	397.258	336.229	1245.11	130.791	474.778	347.294	174.852	131.848	348	507.785	280.608	103.202	514.986	372.281	259.743	823.993	387.272	2780.585	990.279	271.593	561.373	782.17	988.91	375.69	362.006
hsa-mir-223	1052.336	3369.175	2823.172	1198.382	2042.742	4496.577	1538.863	2371.819	1850.28	341.317	402.939	957.995	400.611	943.26	761.22	684.24	2610.488	2977.504	1239.864	503.134	901.552	178.832	2687.428	1608.176	1085.547	643.971	1426.473	1455.492	490.438	4244.741	2607.753	900.402	1198.271	805.478	1183.902	1330.222	4928.346	4398.5	774.544	685.745	2099.519	1929.282	33161.814	1780.383	1191.083	1188.931	1998.436
hsa-mir-224	65.199	43.777	119.932	17.914	20.565	31.406	9.765	41.316	34.704	23.466	59.811	12.589	19.077	10.317	7.838	19.31	27.233	36.214	45.347	11.573	12.631	15.035	29.28	21.461	34.005	14.976	51.327	48.865	17.059	49.725	53.054	20.94	40.448	44.05	48.669	37.329	32.75	54.712	109.413	44.242	36.975	36.859	21.467	28.385	26.529	9.053	28.796
hsa-mir-2355	156.707	175.106	239.865	318.689	143.952	98.836	30.626	91.407	91.327	350.561	184.68	381.279	156.429	95.8	212.593	221.644	62.247	79.952	81.846	127.85	97.892	53.017	368.77	285.198	155.203	113.818	224.557	136.125	66.813	414.378	100.713	158.094	116.288	81.806	65.647	140.236	128.742	114.397	79.388	81.847	199.342	119.307	368.166	168.734	186.621	108.633	159.612
hsa-mir-23a	10586.271	10538.804	16659.189	9497.485	9571.069	4316.456	7286.408	11818.508	6420.879	10966.238	17941.279	7839.01	7483.803	9159.937	10538.543	17854.056	7426.857	10180.231	8281.979	8522.422	9969.18	11513.296	17289.439	10808.448	15575.207	7764.594	10093.315	17916.164	7178.878	6363.344	8608.283	7875.38	6148.091	11542.253	11125.958	10713.41	10281.316	12935.205	8074.699	9357.1	13897.66	12661.093	7116.453	6651.598	6582.06	4370.983	4626.267
hsa-mir-23b	1421.797	831.755	1473.456	569.491	627.218	523.739	806.05	3748.768	666.076	1372.38	1766.006	1941.168	1272.418	1167.284	1440.147	1873.056	713.896	741.672	616.061	1386.512	967.866	2149.149	1235.299	1442.684	1523.254	1007.39	921.754	1596.853	1194.11	494.24	638.45	960.08	894.911	601.592	767.385	970.553	597.409	674.779	771.491	798.561	654.291	678.013	576.401	594.512	849.859	1066.719	1619.152
hsa-mir-24-1	1714.621	1707.286	1463.937	1261.554	913.407	1463.143	1210.407	3016.418	1144.629	1095.771	2820.573	1396.226	2052.657	729.553	1776.181	2172.778	1970.51	1777.284	1579.416	3629.951	731.031	3124.02	2126.36	6189.95	1520.638	955.473	1539.821	2015.699	1272.296	1196.423	1352.435	830.255	973.279	813.03	1372.918	2333.06	1251.285	2720.671	1137.898	1464.397	1749.063	1480.183	3242.655	1640.034	1794.858	1018.437	1700.604
hsa-mir-24-2	1816.423	1775.383	1456.323	1399.212	1055.645	1479.769	1268.108	3098.684	1210.384	1088.66	2917.111	1405.818	2041.211	728.079	1798.714	2283.6	1976.345	1880.751	1545.129	3692.774	669.454	3182.576	2103.411	6351.626	1524.998	915.537	1605.05	2101.214	1268.031	1252.929	1391.101	862.711	990.975	925.042	1421.587	2400.655	1365.346	2868.227	1113.471	1426.792	1874.456	1542.261	3507.778	1710.997	1832.365	982.226	1710.477
hsa-mir-25	38782.011	29865.35	33748.613	28912.972	49807.26	43520.182	29251.713	25629.315	26848.236	36387.973	74185.899	32128.79	32878.753	45305.95	33073.412	30599.397	23819.241	19538.368	41726.223	36515.535	48401.204	35697.547	24346.707	19819.859	32157.488	59548.859	37115.041	28488.551	59583.975	114171.78	36605.659	74194.207	35275.681	95926.181	31050.817	29997.85	22573.947	19250.278	29967.529	37802.242	21620.546	20605.194	32163.578	39811.817	46880.371	53307.278	45349.432
hsa-mir-26a-2	3023.178	3688.582	1439.189	4566.298	4195.161	3646.772	4717.345	4681.846	5766.979	5726.308	3184.687	1905.198	6339.199	9332.377	3822.757	7236.157	3336.055	4208.763	3332.479	8182.407	2549.925	15113.673	4190.204	8574.552	7770.601	4173.332	3540.52	2432.801	3699.61	1793.128	4108.56	6066.2	2002.174	2036.35	4308.904	5305.252	6037.337	5331.918	6822.299	3572.51	9446.229	5061.333	7809.851	3005.677	3256.725	4773.831	4563.739
hsa-mir-26b	1215.906	2451.488	1323.064	3620.604	1734.274	1748.566	1757.242	2159.39	3165.385	1150.524	1378.807	2152.79	1808.475	1267.505	2015.226	2549.74	2205.882	1521.438	1697.762	4772.887	1526.797	3863.878	1737.807	5175.064	1837.147	4317.103	1305.64	1214.655	1068.302	1882.031	2026.854	3122.093	1655.839	1738.071	1841.499	2011.224	2551.13	2457.059	2569.939	1643.576	2004.671	2531.637	11417.453	1949.117	2127.849	1468.059	5027.764
hsa-mir-27a	4010.315	3498.883	3262.924	3736.576	2179.839	2400.699	2359.117	4827.731	2463.387	2857.11	4719.843	2950.719	3033.201	1969.055	3569.017	4610.017	2431.527	3199.958	3015.048	4702.9	1425.747	4551.51	5510.178	8977.55	3473.752	1549.524	3389.746	4223.37	1932.611	1686.143	2266.947	1767.302	1554.719	2322.043	2315.739	2516.173	2939.616	5093.175	1873.766	2099.264	3692.646	3430.804	7788.384	2829.058	2673.991	1220.616	3658.725
hsa-mir-27b	1213.618	1126.841	1149.829	695.835	543.246	957.878	980.487	4656.252	827.42	840.494	1867.79	1999.319	1611.984	949.155	1372.548	1768.111	896.747	668.774	997.642	2507.405	647.349	1758.25	770.776	1957.281	1352.357	884.587	548.561	1719.016	1070.435	614.787	698.698	942.282	1028.895	758.912	1010.73	901.444	622.254	915.18	780.142	962.255	861.671	887.528	943.494	834.209	1213.039	1587.254	4102.182
hsa-mir-28	29986.999	11892.635	10668.278	11947.992	12916.23	10643.809	2226.846	10204.999	7321.969	25884.646	7558.254	33766.013	8988.958	6425.958	11812.143	13497.586	4114.144	5892.927	7469.045	3844.872	51036.389	16599.719	7554.237	8797.751	10188.451	31457.74	25136.514	13561.905	12333.454	19356.742	8633.461	14913.177	11613.622	23114.712	5895.739	6409.987	8391.966	7863.584	19921.356	3059.307	6911.051	6888.767	6365.093	15058.348	24032.068	10934.246	13435.345
hsa-mir-296	29.74	21.078	17.133	16.972	10.282	0	22.193	20.841	20.092	40.531	5.247	66.544	173.598	97.274	103.847	20.149	15.562	1.881	14.378	115.726	36.315	37.982	28.489	12.4	30.517	89.856	71.644	0	80.318	5.274	9.891	32.456	37.92	46.567	33.955	12.107	5.647	26.527	23.409	17.697	8.038	6.79	35.421	3.154	16.467	0	43.605
hsa-mir-29a	16647.497	41597.472	25732.175	29121.345	43163.207	18761.295	20218.716	27086.336	30300.387	32166.305	49079.861	18162.331	20372.046	65823.325	13692.171	44305.193	28863.202	20740.939	31665.741	95570.715	14694.83	116439.379	36772.502	89235.152	56670.804	23369.662	39857.848	27738.118	15479.367	15831.513	22827.731	28068.475	12913.013	18840.642	18857.537	37150.885	33215.515	29759.925	37242.239	27186.468	48983.423	47230.056	48138.567	25956.687	23743.902	14614.2	29556.936
hsa-mir-29b-1	1895.349	5288.858	4711.632	2586.28	5641.532	1946.238	1628.523	2306.006	4383.075	2018.038	3407.143	763.758	1115.989	4822.416	1005.164	3117.282	3976.033	2397.147	4742.672	9540.264	4261.453	8033.986	3499.354	9604.224	7380.85	5267.584	3962.901	2630.008	1503.3	780.538	2505.241	3638.254	1499.103	5205.404	3891.256	2864.241	6123.165	3325.817	5693.561	3618.964	7468.887	9833.614	4320.32	2144.659	2609.039	2018.769	2560.367
hsa-mir-29b-2	2041.76	5606.644	4656.425	2721.11	5725.504	2219.654	1833.142	2362.312	4543.81	2155.987	3457.511	843.491	1020.605	4906.425	1074.722	3107.207	4003.267	2476.158	4710.597	9748.571	4899.329	8001.543	3568.993	9654.777	7643.3	5929.526	4076.249	2532.277	1653.274	873.208	2661.707	3758.657	1708.926	5278.4	3984.066	2921.747	6319.666	3393.792	5841.65	3806.99	7513.899	10108.117	4392.236	2124.159	2520.302	2143.999	2797.316
hsa-mir-29c	4163.59	10063.748	3390.472	6344.542	8666.23	5144.092	8562.062	8444.873	9005.426	4802.618	4553.001	3810.996	9313.262	7851.164	3861.945	13526.97	7376.281	6009.563	5875.25	33642.765	10922.836	22923.723	8362.207	35620.71	22330.015	38730.121	13036.085	5642.213	5809.205	2740.171	6854.794	5767.81	3786.941	5265.815	3340.051	5681.063	9095.531	4043.702	9748.467	7970.126	5506.013	11858.923	9481.091	4497.477	1275.246	7450.435	20993.035
hsa-mir-301a	70.918	76.204	36.17	55.629	44.556	103.455	97.649	44.241	80.368	57.597	65.058	124.096	24.8	82.535	109.725	41.978	64.192	44.679	59.726	81.56	164.206	41.938	58.56	52.461	53.187	166.734	62.021	41.885	378.846	79.109	35.969	50.255	78.368	64.187	95.074	58.011	27.104	84.555	46.31	44.242	43.405	72.748	136.318	44.155	130.818	40.737	92.97
hsa-mir-3065	10.295	9.728	5.711	12.257	5.141	5.542	14.647	9.872	17.048	44.798	6.296	11.39	5.723	1.474	5.878	55.411	5.836	6.114	6.636	7.715	7.895	7.913	7.122	5.723	13.079	96.845	7.485	8.726	4.975	13.561	19.783	2.094	0	5.034	6.791	16.142	10.164	9.948	13.231	11.06	17.684	7.76	15.027	88.31	128.988	126.739	229.544
hsa-mir-3074	38.891	27.563	34.266	24.515	32.56	12.008	12.428	5.85	27.398	19.91	39.874	55.753	15.261	86.957	23.513	18.47	21.397	17.872	16.591	17.634	7.895	32.443	47.481	21.938	27.03	126.797	51.327	12.216	39.804	31.643	31.473	30.362	37.92	30.205	9.055	23.709	12.423	33.159	40.712	28.757	17.684	24.249	24.688	17.347	42.081	24.141	24.682
hsa-mir-30a	33645.01	34410.007	23487.725	85951.623	29249.598	12961.375	11285.587	30363.446	40378.597	19072.523	21198.37	11133.84	30005.797	8900.541	18583.772	85080.882	10840.721	12802.184	19237.242	8977.062	14667.988	24910.657	22108.767	12600.238	20510.306	14676.551	10753.086	12202.398	110151.707	13429.625	21968.971	32019.776	20347.854	30648.452	7033.235	19533.636	26716.288	23620.594	12275.659	18807.108	29502.585	26036.088	7734.715	30492.011	8343.985	32156.973	103301.595
hsa-mir-30b	452.962	2195.314	531.129	1422.784	1919.355	7041.374	898.817	1833.982	2186.362	577.395	4570.839	6808.476	423.504	1123.069	1324.543	838.719	1227.435	2396.676	2749.599	6592.547	1005.76	2424.518	1049.332	2014.512	2274.854	4777.367	824.446	467.712	4323.675	929.714	1049.396	3746.093	1372.703	4694.429	3314.019	1879.059	949.757	1311.426	1612.192	1167.978	1552.937	1756.626	2377.518	1267.872	4252.038	1188.931	2490.434
hsa-mir-30c-2	790.396	1397.608	873.794	2112.019	1115.625	919.083	1296.959	1036.917	1556.208	543.263	590.767	1571.279	345.289	754.608	678.926	721.181	651.649	791.524	1160.229	626.576	1271.015	711.371	502.508	617.135	426.372	1878.998	467.293	687.607	1501.878	1035.192	1009.83	2511.704	768.511	984.194	872.646	1114.824	1422.941	1003.05	1139.934	760.956	1384.139	1469.513	1402.897	715.938	1031.906	1178.37	1695.667
hsa-mir-30d	12853.368	22869.206	15518.879	15376.251	74141.938	225806.147	38225.677	37144.353	39901.871	33623.303	108895.318	74888.442	4677.616	49332.49	37491.821	11977.984	46558.884	105477.277	38746.568	66911.9	33516.906	27925.479	27623.692	7444.251	60525.587	142639.105	20957.61	17141.298	146342.491	29133.811	34362.093	55708.736	24215.691	97703.267	67583.12	68721.596	27714.605	25058.023	62731.967	42080.406	46199.068	53676.515	14674.062	20147.183	76883.406	26366.213	29484.535
hsa-mir-30e	80067.895	55124.433	53767.814	63252.135	54843.853	56040.028	79001.775	35493.184	57239.949	67177.632	58963.409	77307.409	68897.537	82384.905	75963.334	106643.268	43296.747	40765.603	39690.015	41243.785	66283.834	93246.617	56631.458	62680.699	70490.825	243523.921	59748.276	41889.898	80391.349	73403.732	47641.85	93457.584	43398.138	49719.411	32490.513	46787.304	71796.423	55149.535	60876.522	65236.463	73293.476	65445.23	54901.881	54600.506	59185.485	59754.364	56374.971
hsa-mir-31	14.87	3.243	1.904	8.486	6.855	2.771	0	22.669	1.218	8.533	4.197	2.398	1.908	2.948	10.777	36.101	0	5.173	4.424	0	1.579	83.086	1.583	19.554	0.872	0.998	4.277	13.962	6.397	8.288	7.194	31.409	2.528	2.517	0	6.558	12.423	4.974	8.651	0	0	5.82	1.073	14.193	4.574	10.562	112.715
hsa-mir-3127	8.007	24.32	9.518	11.314	11.996	6.466	15.091	4.022	12.177	12.088	26.233	14.987	13.354	8.843	12.736	12.593	13.617	7.055	7.742	3.858	42.63	11.869	18.992	12.877	9.591	86.861	17.109	5.236	29.142	26.37	7.194	21.987	2.528	12.586	9.055	10.089	13.552	6.632	14.758	17.697	11.253	17.46	20.394	12.616	16.467	15.088	15.632
hsa-mir-3130-2	29.74	6.485	1.904	0	8.569	18.474	2.219	3.291	6.697	74.663	3.148	2.997	51.507	0	15.675	0.84	15.562	2.822	4.424	1.653	6.316	31.652	53.021	11.446	26.158	36.941	31.01	13.962	9.951	4.52	5.395	4.188	5.056	15.103	5.659	1.513	14.681	8.29	17.303	35.393	9.646	6.79	12.88	1.577	6.404	12.07	4.936
hsa-mir-32	114.384	149.165	104.703	131.058	147.379	221.688	194.411	142.229	228.926	216.168	249.738	453.219	454.026	285.926	359.547	240.114	208.139	171.661	290.887	433.147	164.206	690.798	216.039	509.828	269.425	345.448	116.556	92.495	188.357	137.875	98.915	165.423	111.232	275.625	140.348	96.349	215.7	202.268	185.239	137.149	217.025	169.746	312.351	126.156	172.899	176.529	208.153
hsa-mir-3200	8.007	6.485	7.615	5.657	6.855	0	4.439	0.731	0.609	2.844	4.197	2.398	0	4.422	0.98	13.433	3.89	1.881	12.166	3.306	6.316	8.704	4.748	10.492	5.232	1.997	18.178	8.726	11.372	1.507	12.589	3.141	10.112	2.517	7.923	8.071	3.388	3.316	6.616	15.485	43.405	4.85	11.807	3.154	0	46.773	3.291
hsa-mir-320a	1027.171	2070.47	1903.69	1515.185	694.052	1366.154	496.679	919.185	996.679	601.572	557.189	988.569	425.411	411.202	589.774	609.52	330.688	802.811	819.571	716.953	544.721	1260.528	826.962	681.042	768.166	992.414	1206.193	539.265	2542.46	1149.712	1406.388	2257.288	1461.183	941.403	560.259	924.144	814.239	603.488	911.947	1114.889	843.987	1376.396	2187.531	1651.072	1721.673	615.589	847.422
hsa-mir-320b-1	3.432	1.621	5.711	4.714	1.714	6.466	1.332	2.925	1.827	0.711	6.296	5.395	3.815	1.474	0.98	5.037	1.945	1.881	4.424	1.102	1.579	10.287	2.374	4.292	5.232	3.994	6.416	5.236	9.24	6.781	3.597	4.188	2.528	1.259	1.132	1.009	5.647	3.316	4.071	6.636	3.215	3.88	4.293	7.885	0	3.018	4.114
hsa-mir-323b	6.863	3.243	20.941	0.943	0	0.924	2.219	4.753	1.218	6.4	2.099	7.194	3.815	10.317	4.898	0.84	3.89	0.941	1.106	3.858	6.316	9.496	7.914	2.385	12.207	0	1.069	19.197	184.803	3.767	5.395	3.141	5.056	1.259	3.396	3.531	1.129	1.658	0	8.848	0	0.97	1.073	7.885	12.807	33.194	9.873
hsa-mir-324	150.987	191.32	194.176	150.858	169.657	167.19	245.011	122.85	161.953	264.521	353.621	125.295	160.245	324.246	289.009	198.975	231.481	222.454	176.965	618.861	454.723	358.455	384.597	551.32	313.893	516.175	287.647	225.13	1145.777	176.299	145.674	274.309	194.656	307.089	302.2	144.776	190.855	145.898	120.1	68.574	155.937	214.365	184.62	124.579	365.924	101.089	243.531
hsa-mir-326	13.726	27.563	17.133	9.429	18.851	6.466	1.775	10.238	10.959	39.82	62.959	35.37	24.8	29.477	16.655	39.459	1.945	9.406	4.424	16.532	22.105	35.608	187.55	108.738	32.261	19.968	73.783	33.159	22.034	18.835	19.783	11.517	12.64	7.551	5.659	22.196	16.94	11.606	2.544	11.06	28.937	17.46	21.467	23.654	8.233	4.526	14.809
hsa-mir-328	147.556	107.009	102.799	112.201	104.536	40.643	122.949	45.338	77.932	90.307	109.129	116.902	87.753	82.535	130.299	176.307	17.507	46.09	61.938	71.64	549.457	125.024	225.535	103.492	96.784	758.788	167.883	153.577	641.124	119.793	130.388	150.765	91.008	81.806	35.087	150.829	102.768	34.817	113.993	88.483	86.81	109.607	60.109	77.271	105.203	117.686	38.669
hsa-mir-330	203.604	136.194	108.51	138.601	221.069	162.571	148.693	102.741	218.575	301.497	147.954	73.738	160.245	343.406	233.167	229.2	237.317	169.78	168.117	85.417	191.047	587.93	503.299	359.598	215.366	333.467	361.43	104.712	669.555	52.739	131.287	119.356	179.488	273.108	98.47	198.751	241.674	275.217	160.303	97.332	172.013	206.605	569.96	152.965	316.524	363.62	129.993
hsa-mir-331	113.24	61.611	79.955	74.486	61.694	181.045	122.505	68.007	64.538	142.216	183.631	222.413	101.107	386.147	287.05	192.259	42.795	81.833	55.302	138.321	232.098	172.502	178.054	130.199	217.109	1459.668	229.904	108.202	518.869	62.533	65.643	121.45	48.032	164.871	92.811	92.818	83.57	51.396	76.844	79.635	56.266	96.998	82.65	69.386	170.155	158.424	138.22
hsa-mir-335	35.459	42.155	100.896	76.372	277.621	206.909	175.325	436.558	52.97	91.729	13.641	416.05	392.981	201.917	260.598	35.261	272.331	60.669	278.72	13.777	4.737	356.873	17.41	138.307	84.577	129.793	63.09	183.245	140.024	105.478	187.938	881.557	85.952	11.327	374.638	140.74	80.182	43.106	218.318	278.722	73.949	67.898	84.796	178.196	52.144	523.552	46.896
hsa-mir-337	19.445	8.107	152.295	9.429	3.427	12.932	52.819	76.782	15.83	7.111	26.233	29.375	47.692	22.108	47.025	13.433	3.89	10.817	24.333	29.207	17.368	15.826	15.827	23.846	57.547	27.955	8.555	99.476	7.108	47.465	19.783	15.705	22.752	32.723	67.91	19.169	2.259	19.895	6.107	13.272	4.823	29.099	9.66	52.04	36.592	43.755	86.388
hsa-mir-338	1279.961	1243.579	2052.178	1671.701	382.157	1433.584	1460.744	3429.21	2516.356	1521.706	335.783	949.002	421.596	306.559	444.78	627.99	1558.123	987.171	599.47	655.232	641.034	1274.771	2084.419	807.903	464.736	838.66	1022.27	603.837	387.375	2763.527	2290.327	620.859	1734.206	414.066	605.533	1922.441	1724.469	780.887	1922.111	1922.298	2245.81	1753.716	5908.91	1663.688	461.979	21933.37	3893.206
hsa-mir-339	105.234	107.009	57.111	129.173	171.371	49.88	46.161	60.694	117.507	57.597	99.685	80.932	270.89	85.483	76.416	156.997	38.904	61.61	102.861	641.455	172.1	316.517	97.336	1218.532	58.419	400.36	81.268	71.553	142.156	625.335	81.829	215.678	58.144	221.507	86.02	71.127	112.932	38.132	259.03	218.996	70.734	115.427	124.511	123.003	822.414	134.283	227.076
hsa-mir-33a	82.357	108.631	97.088	130.115	68.548	65.583	80.339	84.46	152.211	168.525	267.577	276.967	268.982	462.787	272.354	376.122	71.973	83.244	178.071	882.827	569.983	361.62	287.26	305.229	197.927	404.354	192.478	277.486	303.503	68.561	48.558	199.973	58.144	402.739	203.731	50.445	88.087	96.16	109.922	99.544	101.278	96.998	151.345	75.694	161.921	135.792	181.826
hsa-mir-340	86.932	186.456	100.896	89.572	263.911	150.563	58.59	167.091	119.334	55.464	68.206	26.378	110.645	42.741	46.046	67.165	233.427	293.941	148.208	111.318	58.419	136.102	117.12	160.245	32.261	17.971	62.021	162.303	19.191	82.876	245.488	92.134	151.68	95.651	135.82	118.04	237.157	154.188	63.612	130.513	196.127	168.776	107.337	206.581	49.4	245.934	91.324
hsa-mir-342	1594.518	2744.953	249.383	3176.514	1991.331	881.211	1630.742	820.1	3327.946	878.181	824.766	902.241	1068.297	1087.697	628.962	1550.665	1192.421	1571.761	1503.1	1837.294	1987.836	3067.047	1539.178	5731.63	1425.598	5506.203	1849.924	870.852	5335.825	1407.38	2103.288	4604.616	733.119	2148.362	379.165	2788.574	4299.315	941.707	3844.222	973.315	2273.139	2287.203	2239.053	1165.37	4020.591	639.73	1377.267
hsa-mir-345	18.301	42.155	41.881	19.8	32.56	42.49	7.989	20.841	18.874	19.91	66.107	28.776	28.615	22.108	5.878	48.694	21.397	17.401	28.757	119.584	23.684	113.155	29.28	183.137	36.621	30.951	38.496	22.688	33.407	107.738	27.876	42.926	30.336	12.586	19.241	15.133	20.328	29.843	18.829	48.666	17.684	27.159	48.302	14.193	41.166	12.07	61.706
hsa-mir-34a	427.797	794.464	1205.036	1287.011	351.31	314.058	365.297	639.115	621.022	824.85	501.575	377.682	192.675	94.326	231.207	512.97	746.965	506.989	481.125	429.29	415.251	1150.538	1149.833	1155.101	561.52	1619.413	425.59	752.179	242.376	580.883	731.969	348.644	389.312	609.143	751.54	566.997	799.557	1286.557	225.951	778.652	1829.443	1085.403	2241.2	1149.601	641.282	398.322	560.286
hsa-mir-34c	19.445	17.835	13.326	34.886	20.565	20.321	26.632	16.453	33.486	26.31	29.381	9.592	24.8	10.317	11.756	26.866	11.671	24.926	70.786	13.777	23.684	143.224	13.453	29.092	20.926	10.982	39.565	73.298	25.588	21.849	18.884	33.503	42.976	16.361	41.878	48.931	33.88	23.211	44.783	19.909	43.405	22.309	56.889	89.886	21.955	30.176	5.759
hsa-mir-3607	223.049	98.903	68.533	45.258	66.835	176.427	89.66	74.588	41.401	100.973	214.061	110.307	736.362	210.76	260.598	341.7	81.699	46.56	29.863	294.827	71.051	237.388	178.845	107.307	231.06	229.633	162.537	97.731	192.621	36.164	80.031	61.772	166.848	108.236	106.393	72.64	66.63	223.821	51.399	59.726	62.696	74.688	74.063	348.507	66.781	57.334	53.478
hsa-mir-361	1263.947	1866.179	1492.493	2253.449	2113.004	2114.352	4025.367	2222.277	2445.73	2297.492	1304.305	1770.911	1072.113	2658.814	1091.377	1873.056	2017.195	2056.646	2717.524	1915.547	2617.818	3961.207	1925.357	1998.774	3342.091	6262.994	1877.727	1752.175	2514.029	1824.772	2401.831	2011.248	1526.911	1911.753	1329.908	2317.926	2355.758	1982.89	2799.453	3784.87	2650.924	1992.33	1725.981	1499.685	2821.275	1916.171	1435.681
hsa-mir-3613	35.459	81.068	45.689	80.144	143.952	72.049	54.151	65.082	96.806	66.13	80.798	46.761	164.06	64.849	107.766	92.351	114.768	95.002	137.148	171.385	48.946	128.981	54.603	117.799	28.774	13.978	27.802	92.495	22.745	37.671	61.147	61.772	83.424	46.567	96.206	39.851	79.052	59.686	59.541	64.15	78.772	68.868	93.383	80.425	100.629	33.194	63.351
hsa-mir-3615	34.315	38.913	51.4	45.258	25.706	55.422	29.739	30.347	45.663	54.753	33.578	38.368	17.169	66.323	39.188	26.026	38.904	44.679	45.347	68.885	39.473	44.312	37.985	47.692	49.7	19.968	64.159	69.808	34.828	15.068	34.171	28.268	42.976	36.498	26.032	23.204	38.397	26.527	45.292	68.574	41.797	57.229	51.522	15.77	39.337	48.281	21.391
hsa-mir-362	32.028	94.039	45.689	72.601	56.552	44.338	47.937	47.897	112.636	31.998	34.628	166.06	22.892	25.055	21.553	15.952	68.083	68.194	53.09	61.721	17.368	54.599	70.43	128.292	17.439	11.981	47.05	41.885	11.372	81.369	59.349	56.537	73.312	40.274	29.428	50.445	94.863	53.054	72.264	48.666	56.266	78.568	94.457	59.924	28.359	55.825	64.174
hsa-mir-363	10.295	32.427	17.133	35.829	59.98	1038.24	4.882	208.773	361.654	44.798	7.345	6.594	61.046	8.843	3.919	50.374	196.467	773.652	547.487	870.152	6.316	49.06	11.87	50.554	39.237	30.951	63.09	24.433	22.745	273.49	180.744	54.443	336.224	99.426	88.283	70.118	137.777	24.869	74.299	13.272	75.557	26.189	261.903	141.926	15.552	328.918	64.174
hsa-mir-3653	67.487	50.262	26.652	22.629	35.988	32.33	25.3	23.034	49.925	56.886	15.74	25.778	175.506	47.163	31.35	73.881	29.178	7.525	33.181	119.033	48.946	96.538	27.697	32.431	86.321	121.805	42.773	20.942	43.358	119.04	50.357	63.866	42.976	67.962	40.746	72.136	47.431	119.371	82.442	70.787	54.658	57.229	53.669	88.31	27.444	31.685	40.314
hsa-mir-365a	34.315	324.271	119.932	216.859	71.976	46.185	16.867	81.9	263.021	253.144	80.798	386.075	32.43	26.529	37.228	77.239	25.288	313.694	253.282	61.721	385.252	66.469	146.4	64.861	55.803	215.655	66.298	76.789	61.127	319.448	105.209	41.879	214.88	804.22	93.942	105.934	144.553	218.847	177.097	103.968	475.848	96.998	157.786	45.732	64.037	36.211	158.789
hsa-mir-365b	33.171	306.436	110.414	212.145	68.548	44.338	16.423	81.9	247.8	237.5	80.798	368.69	34.338	25.055	35.269	77.239	25.288	301.936	246.645	61.721	377.357	66.469	143.235	64.861	56.675	208.667	66.298	73.298	59.706	314.928	107.008	43.973	207.296	781.566	93.942	100.385	138.906	203.926	166.41	92.907	409.937	92.148	147.052	44.155	62.207	36.211	160.434
hsa-mir-3677	35.459	8.107	15.23	8.486	3.427	25.864	22.637	9.141	14.612	23.466	16.789	40.766	64.861	25.055	65.639	20.989	35.014	9.876	12.166	7.164	17.368	16.617	40.359	8.108	54.931	31.949	41.703	12.216	46.201	58.013	11.69	11.517	27.808	22.654	5.659	4.54	5.647	21.553	6.616	11.06	12.861	5.82	25.761	23.654	12.807	9.053	12.341
hsa-mir-369	14.87	8.107	19.037	9.429	5.141	8.313	22.637	72.394	9.133	1.422	9.444	13.189	19.077	16.212	24.492	1.679	13.617	11.758	8.848	13.777	6.316	5.539	7.122	29.569	24.414	4.992	2.139	34.904	22.034	11.301	7.194	5.235	10.112	11.327	32.823	7.567	3.388	34.817	2.036	6.636	4.823	9.7	22.541	14.193	10.978	63.369	44.428
hsa-mir-370	20.589	3.243	17.133	2.829	3.427	5.542	17.754	42.413	1.827	9.955	7.345	14.987	22.892	22.108	18.614	3.358	5.836	5.644	4.424	14.879	6.316	2.374	3.165	15.738	22.67	6.989	3.208	80.279	110.171	18.835	8.992	3.141	20.224	8.81	27.164	7.567	2.259	8.29	4.071	11.06	0	8.73	2.147	29.962	21.041	64.878	27.15
hsa-mir-374a	4168.165	4269.026	3561.804	4376.782	3247.48	6339.361	6491.898	4866.122	3754.138	5620.357	5453.318	4524.396	4933.244	2474.583	3623.88	6756.769	4697.711	4643.796	4451.785	2685.403	2155.2	5117.284	5925.637	5324.817	2988.961	3246.813	1991.075	2881.316	964.528	2821.54	3692.219	3239.355	3989.18	5229.317	2666.608	3508.922	5853.258	4990.383	4234.548	5240.418	5903.089	5963.411	3392.927	5703.848	3401.265	3895.712	2757.825
hsa-mir-374b	140.693	505.863	207.502	308.317	294.758	247.552	323.13	330.526	326.341	147.193	192.026	240.398	175.506	126.751	120.502	219.125	254.824	373.423	440.201	468.967	454.723	363.994	292.8	843.672	282.504	193.691	223.488	356.02	125.808	193.628	273.364	209.396	199.712	482.028	404.066	269.374	449.469	353.14	308.393	181.391	308.658	274.503	441.156	260.198	238.765	208.214	306.882
hsa-mir-375	2403.215	30.806	3.807	20.743	800.302	87.752	46.161	300.179	88.891	223.989	259.182	330.322	459.749	764.925	1390.183	658.214	3.89	52.674	413.657	9.919	18.947	739.858	180.428	346.244	218.853	214.657	177.507	19.197	184.803	10.548	27.876	212.537	5.056	64.187	87.151	819.724	55.337	8.29	184.221	17.697	41.797	183.325	7.514	253.89	17.381	82.984	208373.727
hsa-mir-376c	5.719	3.243	26.652	2.829	6.855	4.619	15.979	37.66	5.48	1.422	8.395	13.189	0	4.422	9.797	2.519	3.89	5.644	3.318	18.737	6.316	9.496	2.374	24.323	10.463	1.997	2.139	26.178	13.505	6.027	3.597	4.188	10.112	10.068	32.823	5.549	2.259	3.316	1.527	2.212	1.608	11.64	16.101	15.77	10.978	27.158	27.973
hsa-mir-378a	5376.064	3442.136	3190.584	3137.857	5876.311	4722.884	6320.568	4380.57	2032.324	5162.423	12196.25	2486.11	10505.558	2107.596	5818.389	2689.107	6893.866	5611.214	3251.739	4785.562	1269.436	3055.969	6181.243	5558.031	2534.688	1337.862	2962.017	5530.521	1034.896	8041.953	5244.281	2471.919	3647.901	6935.924	5696.536	6201.146	3942.451	4444.923	1195.912	2245.262	2847.051	3328.957	2173.577	6891.295	1578.963	3025.136	4074.209
hsa-mir-378c	45.754	27.563	28.555	37.715	109.677	44.338	90.547	43.875	19.483	98.129	80.798	29.375	38.153	23.581	60.741	36.941	87.535	74.779	27.651	49.046	20.526	147.18	69.639	94.43	55.803	61.901	51.327	50.611	30.564	70.821	76.434	51.302	27.808	125.856	21.505	58.011	81.311	48.08	40.203	39.817	57.873	52.379	66.549	64.655	10.978	30.176	59.237
hsa-mir-379	1762.663	346.97	2844.113	221.573	221.069	557.916	1407.48	3048.227	238.667	308.608	1203.57	930.418	2359.792	739.869	2089.682	418.94	229.536	266.663	207.934	744.506	445.25	655.981	518.335	1002.964	1488.377	330.472	248.082	3755.658	2145.845	803.894	709.489	312	1119.903	655.71	2079.185	381.865	102.768	850.52	119.591	382.69	93.241	373.441	986.428	2802.25	1301.775	3509.46	1841.292
hsa-mir-381	145.268	16.214	158.006	17.914	37.702	60.041	135.377	311.148	31.051	31.998	81.847	81.531	114.46	53.058	193.979	24.347	60.302	55.496	14.378	59.516	29.999	155.093	37.194	100.153	177.873	33.946	21.386	265.27	312.032	76.848	48.558	21.987	85.952	44.05	219.576	40.356	10.164	102.792	13.231	39.817	3.215	63.048	114.851	197.119	96.97	615.589	179.357
hsa-mir-382	48.041	12.971	108.51	6.6	10.282	17.55	62.14	182.082	9.133	5.689	39.874	39.567	34.338	23.581	70.538	7.556	1.945	16.461	16.591	27.554	18.947	14.243	13.453	42.923	40.109	4.992	1.069	165.793	33.407	26.37	29.674	11.517	22.752	20.137	79.229	23.204	3.388	19.895	8.142	0	6.43	16.49	35.421	36.27	47.57	146.353	57.592
hsa-mir-3913-2	2.288	3.243	5.711	1.886	1.714	2.771	4.439	9.872	3.044	4.266	6.296	15.587	7.631	4.422	7.838	7.556	1.945	2.822	2.212	11.573	6.316	1.583	1.583	3.815	1.744	9.984	2.139	6.981	6.397	3.014	7.194	3.141	5.056	1.259	11.318	4.036	2.259	1.658	5.598	6.636	3.215	4.85	6.44	3.154	1.83	4.526	6.582
hsa-mir-409	53.761	27.563	192.273	17.914	15.423	18.474	61.697	152.466	12.786	13.51	43.022	58.751	53.415	35.372	72.497	6.716	5.836	17.872	16.591	31.963	36.315	11.869	22.158	26.708	62.779	10.982	14.97	228.62	68.946	44.451	53.954	31.409	65.728	32.723	82.624	28.753	9.035	16.579	9.16	22.121	4.823	23.279	35.421	105.656	55.803	75.44	55.124
hsa-mir-410	13.726	3.243	26.652	0.943	5.141	13.856	40.391	89.213	6.088	2.844	9.444	23.98	43.876	5.895	25.472	4.198	27.233	12.228	6.636	11.022	6.316	3.165	17.41	17.169	15.695	3.994	3.208	87.26	112.303	21.096	17.985	3.141	7.584	16.361	53.196	3.027	2.259	28.185	5.089	8.848	3.215	2.91	3.22	42.578	14.637	247.443	29.619
hsa-mir-411	10.295	3.243	19.037	2.829	1.714	7.39	23.968	45.338	0.609	2.844	10.493	6.594	9.538	4.422	14.695	3.358	3.89	2.822	4.424	13.226	1.579	8.704	4.748	8.108	25.286	0	1.069	38.394	11.372	8.288	17.985	7.329	15.168	5.034	27.164	3.531	2.259	13.263	2.036	0	1.608	2.91	8.587	42.578	14.637	34.702	14.809
hsa-mir-412	10.295	0	41.881	0.943	1.714	3.695	11.984	30.347	0	3.555	9.444	11.39	3.815	2.948	16.655	4.198	3.89	3.292	2.212	4.409	4.737	1.583	0	2.862	4.36	0	5.347	54.101	34.828	0.753	0.899	6.282	2.528	3.776	11.318	0.504	0	9.948	0.509	0	0	0	12.88	31.539	3.659	21.123	7.405
hsa-mir-421	25.165	27.563	7.615	5.657	15.423	39.719	22.637	34.369	17.048	19.91	8.395	14.388	36.246	2.948	18.614	10.075	35.014	33.862	14.378	26.452	12.631	6.33	21.366	27.184	17.439	9.984	27.802	19.197	4.265	12.055	32.372	7.329	25.28	26.43	24.9	13.116	20.328	18.237	10.178	19.909	20.899	23.279	30.054	20.5	15.552	19.614	13.987
hsa-mir-423	481.558	1058.745	523.515	1101.267	1088.206	765.748	1118.971	727.597	714.784	807.073	424.975	758.962	482.641	831.248	572.14	423.138	632.197	853.604	881.509	631.535	920.499	599.799	561.068	484.551	457.761	963.461	746.386	692.842	986.563	1078.137	1247.225	1443.785	844.351	1267.37	702.871	722.87	638.065	489.091	826.452	583.989	491.924	554.826	580.694	708.053	933.107	630.677	832.613
hsa-mir-424	380.9	460.465	1216.458	101.829	241.633	235.544	315.585	309.686	236.841	414.558	786.99	1561.088	282.336	179.809	186.141	462.597	984.282	728.033	407.02	400.083	249.466	204.153	638.62	1137.932	363.593	127.796	490.818	841.184	101.642	265.202	162.76	147.624	384.256	549.991	382.561	197.743	562.401	709.596	119.082	216.784	339.203	395.75	1080.885	345.353	457.405	125.23	793.944
hsa-mir-425	482.702	715.017	550.166	1528.385	1100.202	2106.962	2510.029	1320.643	996.07	1110.703	1353.623	3599.374	717.285	679.442	1266.741	510.452	3009.258	1484.284	1427.889	1260.867	2597.292	747.771	794.516	874.195	813.507	1381.792	669.395	1244.324	1244.576	4675.694	841.675	1630.147	1415.679	1301.351	1082.036	1256.573	880.868	2092.313	1668.171	1159.13	1006.355	1181.43	3361.8	1476.03	1313.668	709.134	2582.581
hsa-mir-431	12.582	3.243	49.496	0.943	5.141	6.466	12.872	19.744	3.653	2.844	6.296	15.587	9.538	10.317	7.838	2.519	7.781	3.292	1.106	7.715	14.21	3.956	5.539	9.538	26.158	6.989	0	50.611	2.843	18.082	6.295	8.376	17.696	8.81	27.164	6.053	0	9.948	3.562	6.636	1.608	5.82	8.587	23.654	15.552	81.475	12.341
hsa-mir-432	6.863	1.621	49.496	2.829	3.427	3.695	18.642	40.95	7.915	3.555	11.543	9.592	19.077	7.369	11.756	2.519	0	3.292	1.106	5.511	1.579	7.122	6.331	7.154	19.182	1.997	3.208	52.356	1.422	27.123	12.589	8.376	30.336	3.776	26.032	6.053	2.259	11.606	2.544	2.212	0	0.97	5.367	6.308	12.807	64.878	28.796
hsa-mir-4326	22.877	0	30.459	46.2	17.137	58.193	14.647	25.228	35.313	0.711	20.986	28.176	20.984	11.791	17.634	13.433	33.069	24.926	44.241	14.879	52.104	1.583	15.827	6.677	22.67	19.968	28.872	0	17.059	35.411	20.682	26.174	27.808	18.878	15.846	11.098	0	31.501	32.061	22.121	11.253	40.739	71.916	42.578	18.296	34.702	32.91
hsa-mir-450a-2	6.863	8.107	26.652	4.714	1.714	10.161	13.316	11.7	12.786	2.844	5.247	35.97	0	7.369	3.919	10.914	13.617	10.817	16.591	7.715	12.631	4.748	15.036	46.261	3.488	5.99	11.763	6.981	6.397	5.274	8.992	6.282	2.528	5.034	11.318	4.54	13.552	8.29	5.089	0	11.253	9.7	26.834	9.462	13.722	12.07	29.619
hsa-mir-450b	32.028	32.427	34.266	4.714	22.278	39.719	49.268	54.478	29.833	13.51	25.184	62.348	24.8	14.738	7.838	24.347	87.535	47.971	45.347	11.022	26.841	6.33	30.071	20.984	13.079	4.992	16.04	45.375	8.529	29.383	27.876	16.752	48.032	21.396	37.351	19.169	46.302	56.37	17.811	37.605	35.367	60.138	72.989	22.077	41.166	28.667	43.605
hsa-mir-451a	124.679	291.844	437.849	426.175	956.25	1061.333	192.635	711.875	198.483	59.731	523.611	328.524	5616.191	1099.487	131.279	1985.556	13488.168	3604.891	9819.366	1140.732	306.307	818.196	529.414	2491.432	1197.154	699.882	225.627	462.476	340.464	2653.528	134.884	1116.08	3774.301	498.39	32712.354	3054.416	891.032	283.507	194.908	316.327	535.329	521.847	19913.189	1483.915	9564.342	1546.516	2252.662
hsa-mir-452	85.788	131.33	131.355	78.258	35.988	106.226	72.349	211.698	97.415	117.328	219.308	29.975	95.384	29.477	59.761	130.132	79.754	67.724	74.104	34.167	44.209	38.773	81.509	176.937	125.557	33.946	57.743	62.827	56.152	131.094	101.612	45.02	106.176	46.567	89.415	100.385	50.819	237.085	232.058	134.937	59.481	79.538	44.008	104.079	57.633	30.176	64.174
hsa-mir-454	52.617	69.718	39.977	61.286	49.698	102.531	90.991	51.188	87.674	58.308	35.677	60.549	99.199	56.006	106.786	37.78	95.316	57.848	67.468	62.823	96.313	23.739	28.489	35.292	56.675	98.842	44.911	41.885	84.583	73.835	35.969	56.537	50.56	88.099	47.537	53.471	82.44	72.949	68.701	90.695	73.949	73.718	124.511	41.001	75.014	33.194	37.023
hsa-mir-455	1830.149	979.298	1363.042	817.464	443.851	242.01	233.914	329.064	853.601	1334.693	3880.387	635.466	1781.767	499.633	649.536	4950.878	805.322	439.736	622.697	2943.859	1275.752	1112.556	2446.858	891.364	1447.396	1147.167	1628.575	516.578	959.553	712.731	1145.613	583.168	376.672	392.671	801.341	489.312	441.564	2700.775	465.642	774.228	1012.785	637.274	831.863	536.165	672.386	517.517	428.648
hsa-mir-4661	17.158	14.592	19.037	9.429	13.71	16.627	1.775	4.388	2.435	13.51	14.69	7.793	13.354	10.317	0.98	24.347	17.507	9.876	4.424	11.573	14.21	27.695	8.705	4.769	6.975	4.992	13.901	6.981	2.132	3.014	15.287	19.893	37.92	3.776	5.659	13.62	4.517	9.948	7.125	30.969	6.43	5.82	8.587	18.923	15.552	3.018	9.05
hsa-mir-4662a	33.171	59.99	34.266	112.201	53.125	13.856	9.765	36.197	26.789	9.244	31.48	10.791	9.538	64.849	17.634	28.545	19.452	17.872	17.697	53.455	18.947	4.748	13.453	10.492	12.207	0.998	0	22.688	6.397	13.561	16.186	28.268	32.864	3.776	11.318	11.098	10.164	18.237	6.107	19.909	14.468	9.7	22.541	34.693	9.148	10.562	64.996
hsa-mir-4677	42.322	29.184	51.4	22.629	39.415	84.981	75.9	50.822	37.14	71.819	19.937	41.365	40.061	20.634	86.213	42.817	25.288	49.382	35.393	24.247	55.262	19.782	67.265	36.246	29.645	76.877	39.565	43.63	54.73	70.068	65.643	37.691	73.312	66.704	27.164	63.056	49.69	53.054	42.748	64.15	51.443	52.379	42.935	52.04	53.059	39.229	55.124
hsa-mir-4746	24.021	16.214	13.326	23.572	15.423	25.864	63.028	9.141	15.83	34.132	17.838	43.763	19.077	30.951	42.127	22.668	23.343	27.748	15.484	22.594	61.577	5.539	9.496	3.815	17.439	41.933	44.911	27.923	78.186	23.356	19.783	23.034	20.224	32.723	19.241	11.098	27.104	8.29	28.498	24.333	14.468	9.7	12.88	15.77	21.041	13.579	12.341
hsa-mir-4772	48.041	47.019	20.941	47.143	29.133	158.877	15.979	47.897	17.657	27.021	73.452	45.562	38.153	22.108	11.756	78.079	200.358	155.201	115.027	29.758	17.368	85.46	75.178	32.431	125.557	54.912	124.041	34.904	51.887	41.438	101.612	78.523	25.28	2.517	20.373	52.967	56.466	58.028	53.434	17.697	109.316	59.169	214.674	64.655	111.607	7.544	38.669
hsa-mir-484	228.769	264.281	228.443	187.63	159.375	247.552	118.067	157.585	176.565	91.018	207.765	198.433	135.445	187.178	104.827	99.907	106.987	247.381	213.464	344.975	342.621	216.814	190.716	235.599	129.917	180.711	256.637	228.62	182.67	170.272	169.054	153.906	182.016	324.708	193.544	167.98	252.967	96.16	250.887	126.089	176.835	220.184	337.039	141.926	234.191	117.686	395.738
hsa-mir-485	1.144	3.243	28.555	0.943	1.714	1.847	4.882	15.722	3.044	2.133	1.049	5.995	1.908	7.369	0.98	0	0	2.352	1.106	2.204	0	0.791	3.165	2.862	3.488	1.997	2.139	8.726	9.24	6.027	4.496	5.235	7.584	2.517	10.187	4.54	0	1.658	0.509	0	1.608	5.82	3.22	3.154	3.659	24.141	8.227
hsa-mir-486-2	94.939	79.446	89.473	82.972	200.504	166.266	172.218	91.772	70.017	430.202	105.981	41.965	1215.188	327.193	21.553	205.692	1604.808	426.097	1135.896	278.294	112.102	463.697	100.502	426.844	234.548	225.639	236.32	62.827	640.413	1362.928	81.829	286.872	715.423	46.567	2794.506	732.455	132.13	132.635	330.275	212.36	884.177	76.628	1430.804	271.236	1589.026	285.162	213.912
hsa-mir-487b	10.295	0	30.459	2.829	3.427	0.924	11.097	28.519	3.044	1.422	6.296	9.592	7.631	2.948	11.756	1.679	0	3.762	2.212	7.164	4.737	5.539	5.539	7.154	6.103	0.998	1.069	22.688	64.681	4.52	4.496	4.188	10.112	3.776	16.978	8.576	2.259	1.658	0.509	0	0	3.88	5.367	14.193	6.404	48.281	20.569
hsa-mir-493	27.452	11.349	100.896	5.657	5.141	13.856	29.739	99.45	1.827	4.266	13.641	23.38	7.631	13.265	29.391	4.198	21.397	7.995	5.53	12.675	11.052	3.165	4.748	17.169	35.749	4.992	0	89.005	1.422	21.096	36.868	9.423	30.336	20.137	70.174	8.576	3.388	18.237	4.071	11.06	0	11.64	25.761	61.501	28.359	21.123	43.605
hsa-mir-495	5.719	6.485	34.266	3.771	6.855	3.695	15.535	31.809	6.697	0	8.395	8.393	7.631	1.474	6.858	7.556	5.836	4.703	4.424	7.715	17.368	7.913	6.331	6.677	20.054	2.995	2.139	47.12	22.745	10.548	3.597	7.329	12.64	13.844	35.087	6.053	2.259	8.29	4.58	2.212	0	4.85	5.367	14.193	17.381	64.878	31.264
hsa-mir-497	41.178	154.029	51.4	111.258	66.835	14.779	25.3	114.807	76.714	78.219	97.587	65.345	74.399	51.585	32.33	120.896	21.397	23.986	54.196	61.17	64.735	91.79	56.186	106.83	50.572	51.917	56.674	85.515	74.632	28.63	71.039	71.195	25.28	44.05	48.669	38.842	30.492	48.08	38.676	42.03	33.759	49.469	40.788	29.962	42.996	24.141	78.16
hsa-mir-500a	1703.183	2764.409	1726.647	1950.789	1780.544	1433.584	875.736	883.353	1380.86	1237.986	1088.145	4438.069	812.669	707.445	724.972	894.97	811.158	839.495	927.962	559.895	650.507	551.53	2016.363	765.934	467.352	271.566	871.496	1020.939	539.482	1879.017	2231.877	1239.624	2482.494	733.74	805.868	1578.914	1745.926	1175.476	1102.784	1393.611	1274.823	1793.485	441.156	1767.767	1096.858	582.395	1415.113
hsa-mir-500b	18.301	61.611	38.074	35.829	39.415	57.269	33.733	23.4	43.837	25.599	15.74	121.098	22.892	17.686	20.574	10.914	54.466	43.738	48.665	24.799	28.42	26.904	45.107	42.446	22.67	10.982	38.496	33.159	9.24	43.698	52.155	19.893	50.56	31.464	33.955	39.347	65.5	33.159	80.915	39.817	20.899	29.099	49.375	53.616	35.678	28.667	53.478
hsa-mir-501	411.784	680.969	397.871	350.746	563.811	260.484	180.207	197.438	364.698	403.181	226.653	814.715	125.906	179.809	172.426	201.494	143.946	284.064	295.311	174.692	184.731	130.563	528.623	185.999	122.07	81.869	270.538	303.664	185.514	392.529	545.83	320.376	480.32	196.335	185.621	429.787	376.063	154.188	338.418	305.267	374.57	427.759	103.044	328.007	235.106	141.827	249.29
hsa-mir-502	24.021	37.291	32.363	53.743	54.839	48.032	27.519	49.36	63.32	52.62	34.628	231.405	41.969	32.425	28.411	28.545	50.576	60.669	39.817	58.965	29.999	54.599	45.898	126.861	19.182	24.96	95.17	24.433	26.299	41.438	47.659	36.644	53.088	28.947	35.087	46.409	63.242	48.08	97.2	57.514	43.405	57.229	50.448	41.001	42.996	22.632	62.528
hsa-mir-503	40.035	32.427	270.324	11.314	42.843	38.795	25.744	27.422	54.796	6.4	14.69	90.524	7.631	8.843	8.817	16.791	184.796	127.453	25.439	24.247	12.631	7.913	41.15	42.446	23.542	10.982	75.922	40.139	12.083	58.013	85.426	67.007	139.04	18.878	18.109	24.718	83.57	94.502	12.722	66.362	61.089	97.968	66.549	151.388	154.603	18.106	18.1
hsa-mir-505	179.583	366.426	319.82	564.776	325.605	170.885	253.888	144.422	299.552	384.693	443.863	2263.697	303.32	288.873	322.319	311.476	196.467	273.247	321.856	306.399	712.084	397.228	420.999	708.227	542.338	495.209	521.828	326.351	734.236	430.953	258.977	339.221	182.016	522.302	337.287	189.167	321.856	184.031	215.264	261.025	321.519	302.632	239.362	203.427	240.595	105.616	283.023
hsa-mir-508	4.575	14.592	1.904	2.829	5.141	1.847	2.663	5.484	9.133	0.711	2.099	2.997	28.615	1.474	3.919	9.235	5.836	2.822	6.636	60.619	4.737	4.748	7.122	2.385	0	10.982	6.416	6.981	8.529	4.52	26.078	12.564	5.056	1.259	58.856	5.044	21.457	1.658	11.705	2.212	1.608	11.64	6.44	3.154	1.83	36.211	2.468
hsa-mir-511	40.035	16.214	1.904	118.801	8.569	21.245	5.326	35.466	40.184	0.711	2.099	17.985	26.707	51.585	21.553	15.112	42.795	9.876	45.347	12.124	1.579	58.556	34.028	20.984	14.823	0	69.506	99.476	28.431	3.014	17.085	35.597	42.976	17.62	0	50.949	45.173	14.921	5.598	4.424	40.19	46.559	45.082	18.923	15.552	1.509	19.746
hsa-mir-532	4514.75	4401.978	3373.338	4251.381	5692.944	4784.772	3357.358	3762.661	4316.102	4978.965	4639.045	26919.169	3078.985	4341.943	3855.087	2984.631	3264.082	4916.573	3973.979	3927.533	2313.09	3348.747	6273.831	3264.043	2325.426	1692.296	3981.08	4251.293	2638.415	4966.513	6049.987	3104.294	3670.653	3098.575	3719.216	6053.848	5051.442	3438.556	7976.99	3258.394	3740.874	3860.503	1427.584	4043.314	2581.595	2148.526	3527.087
hsa-mir-539	26.308	4.864	51.4	1.886	5.141	4.619	11.984	41.316	4.262	3.555	2.099	7.793	15.261	4.422	16.655	2.519	5.836	3.762	2.212	3.858	7.895	7.122	5.539	10.969	20.054	0.998	1.069	41.885	112.303	12.055	10.791	4.188	20.224	13.844	19.241	7.567	1.129	4.974	3.053	8.848	1.608	11.64	17.174	20.5	39.337	96.563	32.91
hsa-mir-542	379.756	288.601	519.707	109.372	224.496	718.64	803.831	1095.782	498.644	290.831	377.755	826.705	438.765	193.074	269.415	595.247	1663.165	897.343	608.318	320.176	352.095	164.589	609.34	1352.069	311.277	248.603	546.423	862.126	226.739	423.419	340.806	194.738	444.928	351.138	442.548	355.634	806.333	756.018	353.685	665.836	681.62	655.704	808.249	457.317	373.243	422.463	1035.83
hsa-mir-550a-2	3.432	4.864	1.904	2.829	3.427	0.924	0.888	2.925	3.653	7.822	2.099	5.395	1.908	8.843	4.898	5.877	0	4.703	6.636	2.204	4.737	22.947	4.748	6.677	3.488	4.992	27.802	3.49	7.819	18.835	9.891	3.141	0	13.844	9.055	6.053	5.647	3.316	3.053	4.424	4.823	3.88	4.293	3.154	11.893	6.035	4.936
hsa-mir-5586	89.22	38.913	22.844	32.057	130.242	44.338	15.979	36.563	65.146	22.043	45.121	16.186	19.077	22.108	42.127	38.62	5.836	51.263	19.909	11.573	26.841	7.122	190.716	81.076	7.847	7.987	18.178	61.082	24.167	32.397	65.643	15.705	32.864	30.205	12.45	65.073	132.13	16.579	13.231	6.636	75.557	78.568	19.321	72.54	18.296	30.176	25.505
hsa-mir-574	160.138	413.445	397.871	342.26	159.375	82.209	100.312	177.694	158.3	155.726	286.464	208.025	114.46	125.277	121.482	280.413	71.973	161.785	258.812	196.184	284.202	363.203	254.815	206.983	217.109	139.777	196.755	197.207	181.249	173.285	222.109	131.919	184.544	236.609	174.303	180.087	152.458	144.24	194.908	126.089	114.139	154.226	69.769	116.695	170.155	57.334	406.434
hsa-mir-576	68.631	61.611	129.451	73.544	54.839	218.917	146.474	53.381	87.674	102.395	52.466	73.738	78.215	25.055	87.193	80.598	132.275	78.541	72.998	42.433	118.418	87.042	75.97	32.908	87.193	240.616	102.655	50.611	69.656	127.327	98.915	52.349	108.704	132.149	89.415	95.34	116.32	104.45	87.022	272.086	88.418	95.058	89.09	66.232	150.944	120.704	88.856
hsa-mir-582	587.936	441.008	670.099	2272.306	95.968	121.929	1680.011	340.033	144.905	1491.13	329.487	1824.266	171.691	122.329	242.964	2672.315	58.357	114.284	153.739	146.036	1037.338	1039.757	252.441	180.753	606.86	437.301	1089.637	205.933	765.51	519.103	343.504	235.57	199.712	1213.252	230.895	102.402	145.682	1094.237	326.204	495.506	1326.266	244.434	1687.34	392.662	355.861	167.476	886.091
hsa-mir-584	59.48	34.048	146.584	29.229	75.403	61.888	29.295	89.578	33.486	39.109	49.318	41.365	185.044	116.434	41.147	61.288	70.028	62.08	130.512	85.968	36.315	108.407	54.603	31.477	48.828	33.946	63.09	104.712	58.995	79.109	107.907	91.087	154.208	26.43	170.907	111.987	50.819	31.501	35.623	81.847	32.152	39.769	83.723	99.348	115.266	1228.16	80.629
hsa-mir-589	406.064	243.203	344.568	578.919	392.44	218.917	557.932	298.717	275.807	433.046	435.468	522.761	373.904	300.664	428.125	310.637	289.838	230.92	285.357	382.448	765.767	266.665	505.673	400.136	313.021	1125.202	568.878	574.169	459.164	1757.718	446.915	476.376	457.568	485.804	144.875	291.065	274.424	200.61	440.706	557.444	315.089	237.644	210.381	279.121	471.127	345.514	394.915
hsa-mir-590	123.535	126.466	102.799	167.83	73.69	266.026	125.612	99.085	154.038	147.193	244.492	224.212	141.168	116.434	161.649	133.49	208.139	141.562	178.071	198.939	203.678	172.502	136.112	280.906	112.478	322.485	140.081	80.279	221.053	204.929	104.31	170.658	96.064	251.712	84.888	128.129	140.035	152.53	173.535	145.997	170.405	126.097	174.96	97.771	191.195	135.792	192.521
hsa-mir-598	157.85	111.873	156.103	82.972	92.54	205.985	339.109	113.344	122.987	98.84	564.534	220.015	230.828	296.243	160.669	259.424	161.453	294.881	261.024	191.224	372.621	315.725	91.005	131.63	328.716	591.056	98.377	200.697	1393.84	252.394	85.426	102.604	65.728	752.619	363.32	116.527	124.225	87.871	310.937	72.999	85.203	130.947	64.402	108.81	154.603	347.023	155.498
hsa-mir-616	37.747	22.699	30.459	8.486	11.996	39.719	27.075	11.334	24.963	81.063	38.825	59.95	13.354	19.16	45.066	36.941	27.233	18.812	16.591	15.981	29.999	34.026	26.906	4.292	26.158	78.874	85.546	26.178	26.299	30.137	27.876	30.362	30.336	44.05	13.582	28.753	45.173	14.921	20.865	97.332	28.937	35.889	15.027	18.923	32.933	34.702	12.341
hsa-mir-625	1452.681	2349.343	5644.44	4785.043	2604.839	21319.024	543.729	2702.345	2008.579	3527.656	3670.523	1315.294	3073.262	2605.755	4245.004	769.036	3052.053	3667.442	2749.599	3568.782	516.301	1065.87	834.084	1139.84	646.097	678.915	1849.924	3052.345	3450.126	4080.497	2962.947	2604.885	4077.66	810.513	3477.003	3127.057	1486.183	707.938	901.26	5286.872	1520.785	1350.206	964.961	6465.517	4229.168	4014.907	4789.993
hsa-mir-628	33.171	56.747	28.555	32.057	46.27	27.711	37.728	35.466	43.837	78.219	69.255	25.179	76.307	17.686	48.005	95.71	40.85	22.575	24.333	38.575	82.103	55.39	103.667	85.369	45.34	108.826	115.487	47.12	36.25	24.109	49.457	32.456	30.336	22.654	24.9	42.373	50.819	54.712	28.498	61.938	56.266	71.778	111.631	66.232	47.57	93.545	71.578
hsa-mir-629	919.65	522.076	470.211	274.374	500.403	365.786	272.53	298.351	475.508	358.383	334.733	844.69	574.21	608.697	945.402	465.955	225.646	898.283	338.446	732.934	399.462	1741.633	492.22	1057.333	708.004	468.252	730.346	849.91	245.93	913.893	553.923	405.181	310.944	825.615	862.46	742.544	588.375	310.034	487.525	2012.993	493.532	450.069	503.411	359.546	434.535	419.445	820.272
hsa-mir-651	8.007	3.243	5.711	6.6	15.423	55.422	31.958	14.259	23.745	24.888	55.614	47.96	28.615	42.741	14.695	26.026	38.904	23.045	24.333	15.981	55.262	10.287	15.827	11.446	8.719	26.957	20.317	10.471	1.422	51.232	24.279	8.376	15.168	18.878	23.769	15.638	29.362	46.422	20.356	11.06	14.468	20.369	19.321	3.154	38.422	33.194	10.696
hsa-mir-6511b-1	1.144	1.621	1.904	3.771	3.427	0.924	4.439	1.097	1.827	0.711	0	2.997	0	5.895	2.939	0	7.781	1.411	2.212	1.653	3.158	2.374	3.165	3.338	5.232	7.987	2.139	1.745	12.794	5.274	4.496	3.141	2.528	1.259	4.527	1.513	3.388	1.658	1.018	2.212	0	0.97	0	6.308	6.404	3.018	1.645
hsa-mir-652	162.426	79.446	83.762	86.744	119.96	112.692	145.586	121.388	108.983	287.275	111.228	187.642	146.891	119.381	198.877	154.479	239.262	245.029	102.861	111.318	138.943	182.788	350.569	329.075	176.129	392.373	334.697	151.832	223.896	95.684	127.69	121.45	154.208	79.289	152.798	138.218	189.726	107.766	109.413	236.693	138.253	103.787	127.731	129.31	163.751	107.125	60.06
hsa-mir-653	20.589	24.32	5.711	36.772	17.137	1.847	51.488	31.809	12.177	34.843	19.937	11.39	24.8	4.422	34.289	20.149	5.836	2.822	17.697	8.817	3.158	14.243	7.122	3.338	5.232	1.997	1.069	41.885	14.926	6.027	10.791	27.221	15.168	17.62	2.264	16.142	7.905	1.658	2.544	6.636	32.152	20.369	2.147	28.385	21.955	31.685	9.05
hsa-mir-654	16.014	14.592	215.117	10.372	10.282	13.856	67.023	93.6	12.177	9.955	47.219	42.564	36.246	39.794	51.924	29.385	9.726	12.698	8.848	70.538	50.525	34.817	35.611	34.815	150.843	30.951	8.555	233.856	89.558	41.438	16.186	8.376	32.864	69.221	127.898	19.673	2.259	28.185	6.616	28.757	6.43	25.219	25.761	53.616	32.933	70.913	74.047
hsa-mir-660	252.789	371.29	199.887	442.204	366.734	452.614	313.365	341.495	538.828	239.633	223.505	1341.672	204.121	226.972	161.649	124.255	461.018	457.137	328.492	434.25	132.628	303.856	318.914	646.227	137.764	84.864	184.992	282.721	108.039	465.611	471.194	269.074	275.552	227.799	323.705	383.883	548.849	421.115	724.672	360.569	405.114	346.281	281.223	351.661	228.703	282.145	388.333
hsa-mir-664a	68.631	167	222.732	1152.182	305.04	40.643	698.636	95.063	133.337	404.603	120.672	1383.037	22.892	206.338	158.71	86.475	81.699	130.275	113.921	127.299	418.409	414.637	182.011	144.984	142.996	1647.368	78.06	109.947	1077.542	215.477	108.806	901.449	50.56	378.827	109.788	138.722	226.993	189.005	180.659	101.756	887.392	230.854	79.429	77.271	229.617	48.281	306.059
hsa-mir-664b	12.582	32.427	15.23	29.229	18.851	12.932	51.932	15.722	14.612	32.71	26.233	151.073	19.077	17.686	12.736	19.31	5.836	11.758	19.909	18.186	11.052	34.817	26.906	20.508	16.567	90.855	24.594	10.471	56.152	52.739	11.69	43.973	7.584	42.791	22.637	19.673	23.716	16.579	34.096	6.636	35.367	23.279	13.954	3.154	13.722	12.07	24.682
hsa-mir-671	26.308	34.048	28.555	38.657	44.556	57.269	24.856	24.497	36.531	32.71	22.036	19.184	32.43	41.268	25.472	20.989	21.397	33.392	64.15	23.145	39.473	35.608	29.28	33.384	18.31	32.947	49.189	33.159	17.769	170.272	24.279	55.49	22.752	30.205	21.505	36.825	48.561	26.527	40.203	46.454	43.405	29.099	52.595	22.077	29.274	24.141	31.264
hsa-mir-675	22.877	8.107	30.459	0	10.282	13.856	36.397	43.144	3.653	26.31	12.592	7.793	125.906	89.904	12.736	10.914	1.945	5.173	22.121	278.846	7.895	126.607	3.957	30.523	12.207	11.981	12.832	59.337	108.039	45.205	34.171	117.262	103.648	5.034	39.614	31.276	9.035	1.658	2.544	24.333	9.646	2.91	9.66	4.731	73.185	0	32.91
hsa-mir-7-1	416.359	272.388	869.986	680.749	284.476	361.167	185.977	119.925	186.915	605.838	462.75	273.97	835.561	154.754	391.877	437.41	330.688	240.326	410.338	282.152	573.141	410.68	299.922	132.584	567.624	256.59	855.456	376.962	90.98	71.574	164.558	281.638	300.832	388.895	199.203	104.42	364.77	450.958	322.133	426.932	355.279	201.755	286.59	274.39	282.676	555.237	138.22
hsa-mir-708	781.245	533.426	422.619	392.232	195.363	120.081	122.505	308.223	360.436	337.051	562.436	306.342	257.536	95.8	255.7	639.744	206.194	441.146	97.331	533.444	292.097	214.44	163.81	431.136	99.4	185.703	110.14	235.601	95.955	283.284	433.427	182.174	515.712	156.061	88.283	316.287	230.381	288.481	225.951	398.174	127	221.154	232.922	607.128	1539.626	529.587	344.728
hsa-mir-744	76.638	132.951	110.414	134.83	83.972	108.997	196.186	83.363	104.112	182.747	235.048	605.491	120.183	172.44	213.573	139.367	58.357	92.65	169.223	140.525	249.466	128.189	246.902	101.107	144.74	239.617	128.318	109.947	508.918	88.15	90.822	105.745	85.952	81.806	115.447	169.494	75.664	54.712	112.976	75.211	91.633	101.847	63.329	36.27	100.629	78.457	78.983
hsa-mir-758	24.021	12.971	89.473	9.429	6.855	12.932	41.279	62.888	6.697	4.266	23.085	19.783	49.6	23.581	48.005	12.593	3.89	7.055	3.318	20.39	11.052	7.913	15.827	21.461	33.133	5.99	12.832	134.38	36.25	32.397	17.085	7.329	42.976	13.844	54.328	10.593	3.388	14.921	2.544	2.212	1.608	12.61	15.027	72.54	26.529	138.809	25.505
hsa-mir-766	92.651	84.31	116.125	309.26	89.113	281.729	316.028	73.125	184.48	218.301	116.475	222.413	91.568	433.31	273.334	168.751	95.316	118.517	149.315	319.074	131.049	248.466	186.759	110.169	101.143	288.539	179.646	66.317	193.332	194.381	223.008	244.993	209.824	147.252	127.898	102.907	102.768	82.897	90.075	163.694	59.481	87.298	80.503	113.541	225.043	76.949	61.706
hsa-mir-769	114.384	90.796	64.725	112.201	56.552	141.326	154.019	77.513	94.371	222.567	144.806	206.227	301.412	284.452	338.973	117.538	184.796	111.933	89.589	133.361	148.417	64.886	113.163	68.2	102.015	178.714	156.121	113.438	560.095	76.848	71.039	105.745	209.824	101.943	168.644	88.782	70.018	112.74	99.235	194.663	70.734	66.928	78.356	67.809	106.118	162.95	102.02
hsa-mir-874	154.419	100.524	135.162	136.716	171.371	72.972	181.095	99.45	108.374	115.195	76.6	65.945	70.584	212.233	57.802	114.18	71.973	83.714	220.101	76.049	134.207	239.761	155.896	154.045	77.601	102.836	332.559	87.26	291.42	131.848	143.876	171.705	63.2	135.924	43.01	85.251	169.398	127.661	263.61	256.601	434.051	118.337	48.302	72.54	171.984	377.199	153.03
hsa-mir-887	8.007	17.835	9.518	5.657	15.423	3.695	3.995	15.356	15.221	4.978	8.395	5.395	7.631	4.422	5.878	5.877	7.781	2.822	12.166	15.981	9.473	22.156	17.41	46.738	7.847	7.987	11.763	5.236	5.686	16.575	15.287	13.611	20.224	0	4.527	4.54	13.552	4.974	4.071	8.848	14.468	10.67	15.027	9.462	15.552	28.667	20.569
hsa-mir-889	51.473	8.107	47.592	8.486	5.141	26.787	52.375	162.338	21.31	8.533	35.677	17.385	40.061	14.738	48.005	3.358	29.178	22.104	7.742	15.981	7.895	15.826	17.41	24.8	26.158	5.99	6.416	111.692	135.759	25.616	34.171	8.376	25.28	11.327	86.02	17.656	5.647	54.712	6.616	24.333	4.823	22.309	35.421	69.386	27.444	212.74	53.478
hsa-mir-9-2	7366.352	2273.139	16055.72	9762.43	1175.605	6260.847	2989.842	2206.921	9147.895	26729.406	190.976	850.085	713.47	11425.235	806.286	2355.802	906.473	1197.868	349.507	16943.446	10067.071	809.492	3073.608	1320.593	3991.675	7589.874	2941.7	1169.28	17075.068	1282.313	2688.683	11189.071	4603.484	5157.579	239.949	1427.58	2341.077	16004.042	1235.098	7618.405	10653.533	997.135	5737.171	17206.161	72774.078	64428.614	1281.829
hsa-mir-92a-1	41671.359	37644.609	74417.138	65875.187	46825.405	55367.573	56038.228	26428.209	38316.439	33567.128	46952.888	116930.498	86568.317	68583.834	120403.128	31755.469	38795.504	31493.062	63870.121	108654.41	21062.537	18018.506	21165.476	8568.829	24050.324	19661.587	99081.087	30141.25	115001.359	24275.79	35284.698	53066.159	53146.097	83443.783	87544.198	37548.892	20912.72	24902.177	53369.245	39116.218	18697.939	28334.93	35384.766	48854.08	26406.915	64802.796	46985.861
hsa-mir-92b	85.788	137.815	148.488	105.601	195.363	92.37	32.846	128.7	177.783	121.594	226.653	62.947	89.661	253.501	103.847	166.233	105.042	135.448	296.417	100.296	58.419	85.46	200.212	92.046	130.789	40.935	181.784	130.89	149.975	216.23	170.853	87.946	182.016	99.426	230.895	185.636	127.613	89.528	186.257	168.118	104.494	139.676	152.419	227.082	69.526	466.218	122.588
hsa-mir-93	39252.13	21337.026	24978.314	28813.971	32128.63	60392.508	33264.653	30644.247	36751.708	15962.269	90157.604	24676.455	18891.691	32203.481	36228.998	17844.821	42450.576	33267.994	57677.439	38268.515	52500.03	14303.391	17681.949	11324.953	14936.086	19546.77	9474.179	28706.701	52781.1	73008.943	25981.314	54136.172	28629.575	70873.286	60139.028	36835.607	17225.495	26089.258	25854.609	27673.126	16167.584	21806.994	15981.429	28367.852	37692.931	36346.9	30532.706
hsa-mir-940	2.288	3.243	1.904	5.657	0	2.771	3.551	2.559	6.697	4.978	1.049	25.778	7.631	5.895	11.756	3.358	0	4.233	2.212	9.919	12.631	8.704	9.496	6.2	3.488	5.99	4.277	10.471	10.662	20.342	4.496	7.329	10.112	5.034	2.264	4.036	3.388	0	3.053	0	3.215	5.82	2.147	6.308	4.574	0	2.468
hsa-mir-942	171.577	72.961	158.006	69.772	65.121	217.993	118.067	69.469	138.817	245.322	166.842	220.015	307.135	132.646	222.39	168.751	196.467	85.596	120.558	156.506	123.154	94.164	84.675	93.953	150.843	163.738	320.796	95.986	51.176	182.326	141.178	62.819	98.592	119.563	123.37	126.111	121.966	101.134	73.281	506.566	83.595	45.589	178.18	146.657	103.374	197.652	74.869
hsa-mir-95	3.432	8.107	1.904	2.829	8.569	11.084	2.219	10.603	11.568	4.266	8.395	4.796	5.723	1.474	4.898	5.037	11.671	4.703	2.212	16.532	0	13.452	5.539	11.923	6.103	5.99	4.277	5.236	3.554	2.26	17.985	9.423	12.64	5.034	0	3.027	11.293	6.632	4.071	17.697	4.823	3.88	18.247	4.731	3.659	13.579	9.05
hsa-mir-96	6.863	14.592	68.533	16.972	15.423	19.398	91.435	40.95	11.568	12.799	117.524	141.481	17.169	101.695	21.553	18.47	44.74	6.114	70.786	69.436	11.052	1.583	24.532	3.338	30.517	18.97	14.97	5.236	27.72	61.78	17.085	76.43	5.056	22.654	100.733	62.047	2.259	4.974	22.9	84.059	36.975	21.339	103.044	14.193	24.7	18.106	55.946
hsa-mir-98	250.502	267.523	295.072	270.602	510.686	363.938	452.293	352.098	244.147	134.394	306.402	346.509	198.398	165.07	279.212	260.263	355.976	338.62	202.404	232.004	311.043	206.527	202.586	162.153	175.257	207.668	120.833	273.996	78.186	210.203	339.008	275.356	313.472	303.313	370.111	286.525	212.312	180.715	239.182	296.419	241.139	271.593	154.566	285.429	208.577	244.425	188.407
hsa-mir-99a	396.914	226.99	102.799	314.917	409.577	447.995	407.464	2510.025	259.977	153.593	121.721	295.552	984.36	322.772	393.836	1236.67	202.303	204.113	311.901	320.727	511.564	218.397	124.242	359.121	29.645	248.603	97.308	640.486	259.435	281.777	303.039	258.604	409.536	44.05	110.92	252.223	193.113	54.712	130.787	50.878	57.873	164.896	147.052	438.394	500.401	1647.605	435.229
hsa-mir-99b	119331.463	105401.015	78555.759	33381.212	37777.018	13908.169	15303.853	49999.412	26422.044	61739.31	82130.304	30515.546	60776.571	19475.368	47226.038	144605.595	7553.296	14075.771	10846.871	20776.745	42649.268	32503.893	79027.485	24518.956	47491.172	39836.353	51831.028	33252.932	52194.707	47024.407	55489.389	35414.084	42619.515	18128.297	25076.981	24276.936	16484.662	53198.146	22333.537	39700.207	26125.028	29744.305	32761.446	123861.966	48261.734	39044.627	31645.873
