Gene	12	13	23
CPHL1P	0.971566	0.954641	0.979814
ITGA8	0.46473	0.981611	0.56612
ARTN	0.954046	0.975086	0.990768
ART4	0.986646	0.796693	0.964011
STAU2-AS1	0.9827	0.98501	0.969235
MSL3P1	0.955073	0.995134	0.977961
RNF182	0.967139	0.72779	0.996058
B3GAT1	0.951262	0.958102	0.985723
GSDMC	0.966736	0.864488	0.985344
DLGAP5	0.977816	0.796693	0.993331
OIP5	0.981211	0.958454	0.958298
MZB1	0.310449	0.960344	0.562616
MSMB	0.912263	0.36958	0.981321
SOX21	0.996371	0.961129	0.954702
HOXA10	0.983265	0.994084	0.952154
GCNT3	0.987952	0.991611	0.981014
CCDC173	0.960171	0.533487	0.964784
PDK4	0.999597	0.867569	0.987296
IGHV1-2	0.31757	0.984969	0.313244
BHLHA15	0.980324	0.960615	0.982948
IGHV4-4	0.993948	0.796693	0.972757
MB	0.988413	0.986061	0.964785
SLC17A9	0.593625	0.653811	0.313244
CYP4A22-AS1	0.988203	0.952282	0.972484
SYT2	0.912263	0.864488	0.968805
SYT5	0.912263	0.36958	0.971604
SYT6	0.776565	0.960649	0.736761
SYT7	0.912263	0.864488	0.983321
IGKV1-12	0.98756	0.36958	0.562616
IGKV1-16	0.957906	0.560618	0.559305
IGKV1-17	0.442266	0.742298	0.736761
BRIP1	0.939727	0.605295	0.950414
ENO3	0.963312	0.067034	0.736761
SNORD94	0.999896	0.981594	0.976089
CNGB1	0.998358	0.9795	0.960284
NKAIN4	0.998285	0.796693	0.972795
NKAIN3	0.669282	0.970874	0.562616
NKAIN1	0.954378	0.988313	0.998789
VGF	0.97549	0.867569	0.978682
WNT3	0.984665	0.969012	0.978878
PACRG	0.982733	0.135117	0.562616
IGHV5-78	0.999755	0.992307	0.999133
KCP	0.997068	0.991307	0.976797
ADAM12	0.010907	0.923406	0.075561
PCSK1	0.991546	0.887808	0.985046
CCNA2	0.995679	0.796693	0.963273
SKA1	0.992668	0.957622	0.950961
SKA3	0.310449	0.974796	0.562616
SVEP1	0.095245	0.222921	0.012366
PHACTR1	0.669282	0.545592	0.993708
ARHGAP40	0.973697	0.98139	0.987898
TNNT1	0.669282	0.980757	0.977986
TESC	0.988222	0.796693	0.980266
AOC3	0.005876	0.9642	0.079839
IGLV1-36	0.974105	0.983574	0.95096
ESPNP	0.980274	0.980071	0.969032
KCNA4	0.344059	0.461292	0.132855
KCNA5	0.45682	0.780871	0.323521
BHMT	0.669282	0.545592	0.953258
PLA2G2C	0.979443	0.977818	0.954661
SPTBN2	0.957906	0.95455	0.985328
IGKV2-30	0.016761	0.864488	0.018435
SERPINB5	0.912263	0.961976	0.982314
SERPINB7	0.95164	0.972539	0.986158
TRIM58	0.95962	0.916285	0.995231
ZNF252P-AS1	0.98983	0.994407	0.982931
GPR146	0.959752	0.72779	0.997038
SLC7A9	0.022446	0.796693	0.018621
IGHV1-45	0.776565	0.653811	0.961358
IGHV1-46	0.912263	0.973058	0.988782
GLIPR2	0.994416	0.979618	0.952237
ACTN2	0.287886	0.447604	0.762325
LINC00634	0.968286	0.951419	0.998183
TMPRSS6	0.950256	0.653811	0.982294
SLC35F3	0.987471	0.887808	0.961355
FOXF1	0.967233	0.980315	0.951105
HAR1B	0.985323	0.978117	0.96291
INSL3	0.969505	0.956894	0.963278
RDM1	0.669282	0.999379	0.967108
INMT	0.912263	0.904086	0.736761
NPTX1	0.987643	0.982848	0.988097
PTCHD3P2	0.991979	0.981927	0.976953
GLDN	0.961303	0.996521	0.952834
GLDC	0.762341	0.637158	0.976013
QPCT	0.669282	0.987851	0.562616
GRK5	0.593625	0.653811	0.313244
RN7SL1	0.962957	0.987716	0.96674
RN7SL3	0.983926	0.983705	0.995768
CAPSL	0.968864	0.999842	0.978801
MYADML2	0.95523	0.99941	0.978216
HPCA	0.963528	0.796693	0.983852
IGSF10	0.685577	0.68009	0.45237
EFCC1	0.989881	0.968875	0.9615
RBBP8NL	0.985956	0.986411	0.963927
GPC3	0.31757	0.973337	0.559305
LOXHD1	0.989206	0.963061	0.962644
HMGB3	0.975135	0.951733	0.956651
EEF1A2	0.055111	0.96788	0.19043
CALY	0.982942	0.981155	0.981709
C5orf46	0.996761	0.951607	0.968581
TRIM9	0.846667	0.488886	0.994427
PAH	0.974262	0.986261	0.991775
LYPD3	0.974872	0.545592	0.980908
LYPD1	0.968265	0.958945	0.954761
FAT2	0.521376	0.727555	0.364255
AKR7A3	0.776565	0.653811	0.969558
CKMT1A	0.981455	0.993003	0.986304
CKMT1B	0.973088	0.95064	0.950756
BCL2L15	0.996129	0.952987	0.990332
BCL2L10	0.972712	0.967879	0.99737
IGHV1-3	0.963287	0.995516	0.971479
SLC38A3	0.997895	0.95879	0.977014
YBX2	0.994862	0.954291	0.990596
ERG	0.969436	0.369583	0.967983
FAM172BP	0.954846	0.978252	0.993274
IBSP	0.912263	0.961383	0.953287
SOSTDC1	0.997312	0.987481	0.978362
IGLL1	0.957518	0.796693	0.998351
IGLL5	0.992509	0.533487	0.562616
CEP55	0.986689	0.975927	0.956049
ATP10B	0.962053	0.802996	0.996782
CPXM1	0.059761	0.49217	0.018435
PLAC1	0.967935	0.956977	0.991343
PLAC4	0.951417	0.971133	0.979506
PLAC9	0.952657	0.984693	0.950818
DLX5	0.505029	0.936084	0.432111
DLX3	0.979532	0.964337	0.95967
IGHV3OR16-6	0.979861	0.99438	0.955651
IGHV3OR16-8	0.951009	0.439557	0.559305
FERMT1	0.912263	0.864488	0.951486
KLHDC8A	0.022446	0.796693	0.018621
DPYD-AS1	0.975653	0.987029	0.987309
RETN	0.968678	0.961177	0.992577
IGKV1D-8	0.077991	0.989337	0.100561
VWF	0.953892	0.971647	0.980472
CDH17	0.97249	0.997819	0.99901
B4GALNT4	0.776565	0.733151	0.559305
B4GALNT1	0.456492	0.864488	0.313244
B4GALNT2	0.993148	0.904086	0.986377
C1orf87	0.98744	0.867569	0.964547
KIFC1	0.973883	0.904086	0.955895
HS6ST2	0.981668	0.533487	0.993301
TAF7L	0.98753	0.951122	0.97033
GDPD4	0.776565	0.992504	0.967627
FCRL4	0.190048	0.207672	0.018435
FCRL5	0.45682	0.965796	0.589914
IGLV5-45	0.983704	0.533487	0.971107
IGLV5-48	0.967854	0.96873	0.953696
PNMA6A	0.977051	0.969876	0.982003
LRRC2	0.951945	0.954147	0.982969
MORN5	0.9115	0.796693	0.562616
SCUBE3	0.310449	0.72779	0.963686
SCUBE1	0.059761	0.49217	0.018435
RPSAP52	0.966613	0.979746	0.992869
RPSAP56	0.961722	0.974949	0.97515
PTHLH	0.669282	0.960768	0.989226
TPPP3	0.954134	0.985459	0.990168
GFRA3	0.9115	0.867569	0.955464
EPHA6	0.143009	0.545494	0.461886
COL9A1	0.952559	0.349317	0.504282
GLB1L3	0.186096	0.956891	0.313244
ARL9	0.988538	0.951288	0.997083
RRM2	0.959503	0.994242	0.989887
SRSF12	0.981762	0.957786	0.975104
IGKV3-11	0.9115	0.867569	0.962799
IGKV3-15	0.956701	0.995937	0.979064
Y_RNA	0.964566	0.986939	0.959471
SH2D4B	0.776565	0.261208	0.97562
LINC00525	0.998126	0.98328	0.95805
TICRR	0.974161	0.653811	0.966905
SLC4A1	0.249067	0.605295	0.119204
KNTC1	0.998668	0.605295	0.793428
IGSF9	0.97297	0.796693	0.988393
IGSF1	0.344059	0.986354	0.40585
FGR	0.996591	0.979586	0.974339
FGA	0.980186	0.342424	0.559305
FGB	0.247195	0.361592	0.843476
RPL39L	0.956408	0.962869	0.986923
NEIL3	0.996721	0.957133	0.957805
MESP1	0.310449	0.950638	0.562616
MESP2	0.977603	0.98527	0.950887
IGHV3-35	0.990717	0.991925	0.974044
IGHV3-33	0.958179	0.796693	0.951907
IGHV3-30	0.979357	0.72779	0.965469
IGHV3-38	0.912263	0.980383	0.974253
RAD54L	0.984133	0.49217	0.951972
ABCB6	0.981118	0.796693	0.984693
ABCB4	0.96734	0.605295	0.793428
ZYG11A	0.981398	0.979695	0.992106
ITGA11	0.972921	0.49217	0.968775
B3GNT6	0.984505	0.261208	0.562616
BEAN1	0.986513	0.953971	0.970253
C8B	0.708236	0.116424	0.079839
EPHA10	0.72416	0.887808	0.559305
DMRTA2	0.975734	0.96675	0.990793
MSR1	0.776565	0.990285	0.961708
TBX3	0.169937	0.653811	0.079839
SBSPON	0.95464	0.965962	0.983209
LRRC18	0.982461	0.864488	0.962098
LRRC15	0.985326	0.770468	0.969757
FAM111B	0.978394	0.96592	0.979754
IGKV1-13	0.965838	0.958675	0.950309
CHRNA5	0.984036	0.533487	0.988003
CHRNA9	0.9115	0.954729	0.965227
FAM83F	0.967424	0.36958	0.562616
SIRPD	0.669282	0.96582	0.959832
FOXM1	0.976608	0.964805	0.97695
DLX6-AS1	0.955262	0.962909	0.991922
IGHJ6	0.981728	0.960795	0.9737
IGHJ5	0.966037	0.973549	0.97116
IGHJ4	0.980773	0.956167	0.962442
IGHJ2	0.959154	0.979125	0.995233
IGHJ1	0.980107	0.957253	0.982934
CDCA2	0.912263	0.864488	0.994402
CDCA3	0.310449	0.950476	0.562616
CDCA7	0.912263	0.36958	0.997749
CDCA5	0.99479	0.998913	0.966083
CDCA8	0.95594	0.975534	0.968905
SPRED3	0.310449	0.998882	0.562616
RHBDL2	0.990993	0.796693	0.98511
RHBDL1	0.994163	0.960308	0.957917
TEX11	0.957906	0.900046	0.793428
SLCO1A2	0.988608	0.709223	0.992779
CYP24A1	0.186096	0.867569	0.559305
MAD2L1	0.987613	0.533487	0.971559
CASQ2	0.965891	0.796693	0.989485
BMPER	0.972771	0.048723	0.079839
RN7SL521P	0.988526	0.999347	0.968469
PROK2	0.99173	0.962001	0.961591
FBXO43	0.776565	0.653811	0.988862
SFRP5	0.951312	0.213743	0.981569
COL1A1	0.708236	0.955462	0.676214
COL6A6	0.614251	0.278759	0.972738
KLK12	0.991876	0.545592	0.960364
TMEM100	0.9115	0.955872	0.953671
DDX12P	0.992519	0.991953	0.979224
RNF222	0.986444	0.996579	0.976735
FGL1	0.955391	0.966004	0.983499
DSP	0.961187	0.430215	0.969509
THBD	0.990696	0.533487	0.9764
SNORD46	0.97233	0.971228	0.964615
IGLV2-23	0.952701	0.973725	0.954134
HECW1	0.817501	0.35412	0.364255
RGCC	0.980891	0.968669	0.979347
PPP1R14D	0.954521	0.968271	0.987542
PPP1R14B	0.96812	0.967494	0.953551
PCDH15	0.026295	0.408854	0.007762
COL17A1	0.593625	0.733151	0.995946
OCIAD2	0.973475	0.980873	0.98393
TEKT1	0.912263	0.864488	0.982224
TEKT5	0.968831	0.796693	0.979616
SEC14L3	0.954486	0.987944	0.960555
SEC14L6	0.997696	0.985886	0.951812
KRT6B	0.302389	0.391666	0.736761
KRT6A	0.006732	0.672678	0.119204
COMP	0.9115	0.958941	0.955929
IL19	0.978182	0.796693	0.997734
IL11	0.98568	0.960916	0.975579
MROH3P	0.994427	0.958573	0.952944
MROH9	0.49915	0.281695	0.970544
MS4A7	0.776565	0.986522	0.736761
KCNN4	0.186096	0.867569	0.559305
PKIB	0.983816	0.796693	0.979235
CCL14	0.989588	0.545592	0.977544
C1QTNF7	0.970971	0.998718	0.977081
PLEKHN1	0.97637	0.72779	0.980584
KCNT2	0.979017	0.925308	0.978516
IGHV1-12	0.950979	0.967488	0.972055
IGHV1-17	0.971179	0.989669	0.982266
IGHV1-14	0.969395	0.979223	0.982007
IGHV1-18	0.994555	0.960356	0.95395
HPSE2	0.708236	0.116424	0.079839
ALOXE3	0.98756	0.36958	0.562616
MUC16	0.348545	0.102144	0.050856
MUC13	0.951667	0.261208	0.562616
LRRN3	0.963256	0.361592	0.823855
IGHV3OR16-10	0.974955	0.986154	0.961463
WNT7A	0.983266	0.291529	0.965488
OSCAR	0.310449	0.72779	0.992028
CSRNP1	0.988889	0.954417	0.976811
BUB1	0.776565	0.733151	0.559305
FOXE1	0.96673	0.796693	0.995416
C11orf86	0.981999	0.973998	0.977506
WWC2	0.912263	0.36958	0.961156
C2CD4A	0.989546	0.72779	0.987804
C2CD4D	0.999878	0.958631	0.994618
CCDC162P	0.9791	0.971965	0.966392
GDNF-AS1	0.997829	0.962891	0.974452
ENTPD2	0.99543	0.956742	0.978489
ENTPD8	0.310449	0.965801	0.562616
EMP2	0.968501	0.975089	0.964146
CCDC26	0.995296	0.963834	0.993644
FIBIN	0.967774	0.213743	0.991243
CDKN3	0.97156	0.959429	0.954939
HEPHL1	0.314048	0.764639	0.210241
TRIM54	0.991205	0.950036	0.983065
CFD	0.97244	0.97965	0.969334
HSD17B1	0.669282	0.956316	0.562616
HSD17B6	0.988648	0.545592	0.980166
ALDH3B2	0.993777	0.980454	0.978112
IL1RL1	0.845857	0.996105	0.987759
IL1RL2	0.669282	0.545592	0.97456
AC126323.1	0.972757	0.987419	0.957368
PEBP4	0.310449	0.994384	0.562616
HNF1A-AS1	0.9987	0.978653	0.983788
CBX2	0.963623	0.96024	0.967648
PFKP	0.99417	0.985218	0.954571
POU6F2	0.799881	0.08712	0.079839
SNTN	0.983799	0.72779	0.950381
RASAL1	0.989207	0.999137	0.997183
EGF	0.953166	0.979558	0.989983
WASIR2	0.991121	0.970221	0.971928
IGKV2D-29	0.954884	0.187027	0.562616
IGKV2D-28	0.955717	0.533487	0.997175
CDH15	0.505029	0.277153	0.99484
CREG2	0.985704	0.968142	0.954684
CDH19	0.799881	0.912686	0.676214
HTR1D	0.912263	0.36958	0.954588
CD52	0.984917	0.996678	0.984857
CD5L	0.383717	0.204762	0.05513
SPATA4	0.9115	0.796693	0.562616
MIR559	0.974201	0.961019	0.989629
CALB1	0.950973	0.965542	0.951171
SPINK2	0.310449	0.993077	0.562616
SERINC2	0.077991	0.959981	0.100561
SALL4	0.342432	0.764639	0.559305
FAM177B	0.970876	0.796693	0.957982
IGHV1OR15-2	0.973338	0.970614	0.98523
IGHV1OR15-9	0.912263	0.146424	0.337596
HOXD4	0.956239	0.990024	0.997557
NPBWR1	0.077991	0.545592	0.559305
SLC6A13	0.996536	0.098243	0.562616
SLC6A11	0.579226	0.709223	0.971428
SLC6A17	0.016761	0.36958	0.003507
TAC4	0.951763	0.72779	0.970155
ADAM8	0.964558	0.36958	0.562616
IL20RB	0.974244	0.981239	0.959558
SULF1	0.579226	0.955102	0.559305
TROAP	0.66812	0.887808	0.962031
WFDC3	0.977609	0.796693	0.963151
INHA	0.669282	0.990457	0.562616
UGT8	0.456492	0.864488	0.313244
KREMEN2	0.669282	0.95617	0.562616
IGHG4	0.960714	0.97031	0.979145
IGHG1	0.966446	0.533487	0.968323
IGHG2	0.669282	0.956053	0.979248
IGHG3	0.9115	0.952139	0.966109
BPIFB2	0.999243	0.076959	0.337596
CAMK2B	0.424788	0.560618	0.19043
IGHGP	0.982036	0.981283	0.970151
C9orf50	0.999019	0.796693	0.989233
ANKRD22	0.980611	0.72779	0.961646
MKRN3	0.888269	0.525811	0.504282
LHFPL4	0.998022	0.533487	0.995027
LHFPL3	0.912263	0.864488	0.967019
TLL2	0.999799	0.780871	0.96744
PBK	0.983523	0.982234	0.975318
RIMS2	0.28269	0.925795	0.262753
ITM2A	0.31757	0.963211	0.559305
KLF4	0.593625	0.653811	0.313244
JAKMIP3	0.186096	0.867569	0.559305
ZBTB8B	0.986148	0.98152	0.985429
F12	0.9115	0.983517	0.963229
RCOR2	0.973214	0.974957	0.990078
UGT2B15	0.965038	0.967226	0.977213
LCN2	0.969189	0.72779	0.98903
DNAJC12	0.953394	0.796693	0.977225
NRK	0.314048	0.991363	0.323521
EME1	0.999734	0.954375	0.9621
DUOX1	0.077991	0.986198	0.313244
CDHR5	0.669282	0.963495	0.96072
C5orf34	0.669282	0.980017	0.562616
PCP4	0.310449	0.965069	0.562616
IGHV2-70	0.022446	0.867569	0.19043
ADAMDEC1	0.994875	0.36958	0.562616
NOX5	0.593625	0.96672	0.559305
ZBED2	0.66812	0.187027	0.97767
PF4	0.989268	0.972107	0.955035
GCOM1	0.962374	0.993768	0.964602
CRTAC1	0.66812	0.187027	0.95233
PKHD1L1	0.593186	0.238487	0.170904
PSMD10P2	0.95355	0.96711	0.983297
CXCR2	0.776565	0.98521	0.736761
CXCR1	0.998354	0.978628	0.994586
LINC00551	0.963356	0.983428	0.980272
IGKV1D-27	0.967715	0.985964	0.9639
AC105339.2	0.99514	0.960663	0.971731
HHLA2	0.969959	0.968668	0.96802
PRSS3	0.983186	0.989366	0.957438
PRSS2	0.989917	0.971775	0.950843
HEG1	0.9918	0.709223	0.958719
SNORD17	0.958678	0.957341	0.98316
AQP6	0.994586	0.970597	0.982343
AQP4	0.997194	0.533487	0.972633
GSC	0.310449	0.998394	0.562616
SNHG4	0.973828	0.98832	0.956379
GUCY1B2	0.964476	0.983668	0.989512
BTNL9	0.988348	0.956551	0.998262
IGHV3-48	0.9115	0.95139	0.956425
IGHV3-49	0.669282	0.950295	0.985494
IGHV3-47	0.952937	0.993854	0.972166
IGHV3-43	0.310449	0.213743	0.973067
IGHV3-41	0.964364	0.959697	0.985118
FHL2	0.978127	0.958817	0.993781
FHL1	0.9115	0.796693	0.562616
FHL5	0.247195	0.202599	0.990461
DNA2	0.31757	0.975847	0.313244
SNORD15B	0.954608	0.966853	0.954683
MAMDC2	0.988732	0.965795	0.953635
TNR	0.489235	0.156524	0.096458
GPR19	0.968916	0.96643	0.990759
EFCAB1	0.953403	0.533487	0.562616
RAD51AP1	0.776565	0.653811	0.955143
DKK2	0.982821	0.950702	0.981109
DKK1	0.965103	0.958605	0.997383
CDT1	0.996645	0.991541	0.954842
CST2	0.968748	0.991796	0.992365
XRCC2	0.975852	0.796693	0.983372
STARD8	0.957906	0.560618	0.559305
GPT	0.966428	0.963502	0.984405
LCT	0.211342	0.150851	0.823855
POLE2	0.976378	0.985646	0.981862
SYN2	0.996493	0.72779	0.997113
LINC00184	0.973375	0.978679	0.980018
NLRC4	0.442266	0.439557	0.964249
OPRK1	0.979617	0.353477	0.95125
DNAH14	0.912263	0.864488	0.982123
EDN1	0.974056	0.985229	0.995051
SLC14A2	0.939727	0.94536	0.823855
SLC14A1	0.077991	0.97925	0.313244
SLC13A5	0.776565	0.653811	0.991027
RGS17	0.974125	0.72779	0.971234
IGFL2	0.998144	0.533487	0.956963
IGFL4	0.669282	0.990943	0.562616
DNAH17-AS1	0.959609	0.987205	0.973707
PLAU	0.669282	0.970743	0.990175
C1orf194	0.993847	0.985397	0.954426
DUOXA1	0.955454	0.97762	0.980741
GRIN1	0.776565	0.733151	0.559305
GTSE1	0.975139	0.533487	0.562616
MYO3B	0.519201	0.439557	0.19043
PHLDA2	0.994614	0.954886	0.96486
H19	0.973952	0.970211	0.976818
SMAD6	0.989438	0.981689	0.973749
F11	0.845857	0.709223	0.559305
MTND1P23	0.999883	0.99029	0.991553
SMKR1	0.95111	0.953647	0.995778
RFX8	0.957471	0.969727	0.989559
IGFBP3	0.912263	0.36958	0.99537
IGFBP1	0.955861	0.987444	0.973903
CLIC5	0.997855	0.953767	0.964244
NIM1K	0.972777	0.956363	0.984777
MSLNL	0.96461	0.867569	0.974749
EREG	0.967757	0.545592	0.987338
C14orf132	0.955789	0.974062	0.950974
CALCRL	0.094544	0.709223	0.05513
SRRM3	0.970448	0.980144	0.965651
IGLV1-51	0.310449	0.962174	0.562616
IGLV1-50	0.971478	0.72779	0.993298
ABCG2	0.981283	0.953678	0.959005
AKR1B10	0.974581	0.989145	0.960636
AKR1B15	0.247195	0.887808	0.19043
C15orf48	0.97043	0.993492	0.983019
KCNK9	0.247195	0.601854	0.676214
KCNK3	0.97764	0.533487	0.958283
VWDE	0.959643	0.985536	0.960846
MIR3189	0.954399	0.974614	0.950684
CCL23	0.9115	0.796693	0.562616
CCL24	0.987571	0.972004	0.978274
ALPK2	0.344059	0.281695	0.075561
GLYATL2	0.968457	0.864488	0.966383
LDLR	0.962992	0.864488	0.953388
FNDC1	0.235738	0.661208	0.132855
CCDC150	0.456492	0.904086	0.793428
CCDC154	0.974076	0.99745	0.96659
ATP6V0A4	0.776565	0.992265	0.995719
LINC00342	0.960971	0.960033	0.997626
PODXL2	0.950124	0.43409	0.736761
GAL3ST2	0.962547	0.977133	0.994003
IL17REL	0.9115	0.796693	0.562616
FOXH1	0.989223	0.867569	0.966293
TMEM105	0.991099	0.976624	0.961507
KRT4	0.912263	0.538489	0.559305
CDHR2	0.967534	0.950303	0.997861
TFAP2A	0.960683	0.992766	0.997319
CYYR1	0.593625	0.993392	0.793428
CRABP2	0.952019	0.218414	0.736761
AC142381.1	0.985821	0.971589	0.964395
FENDRR	0.984816	0.9996	0.990097
ODAM	0.077991	0.963384	0.313244
EDNRB	0.974994	0.202599	0.676214
CABP7	0.981093	0.973546	0.960266
FBXO32	0.982617	0.963455	0.953319
ALAS2	0.456492	0.36958	0.100561
APBA2	0.388631	0.605295	0.736761
PTPRZ1	0.125483	0.542747	0.055756
EPYC	0.022446	0.867569	0.19043
RNFT2	0.981149	0.95802	0.991054
AURKA	0.950465	0.959704	0.989076
AURKB	0.669282	0.983839	0.562616
WFIKKN2	0.002051	0.964642	0.014346
CAV2	0.989912	0.985365	0.964199
CAV1	0.96559	0.983077	0.965443
LRRC36	0.776565	0.261208	0.960043
GPR78	0.978702	0.991224	0.999572
DGCR5	0.979744	0.986975	0.971867
DES	0.9115	0.796693	0.562616
FAM222A-AS1	0.992325	0.997631	0.953141
FEZF1	0.980307	0.993312	0.973805
AC092198.1	0.963926	0.965374	0.954707
LILRP2	0.965808	0.983631	0.99381
CPP	0.979511	0.953614	0.98898
HHIP	0.978635	0.977786	0.990133
IGLV7-43	0.014433	0.998574	0.100561
GABRQ	0.708236	0.764639	0.504282
GABRP	0.669282	0.95129	0.991355
KRT17	0.969608	0.49217	0.973702
KRT16	0.776565	0.653811	0.955342
KRT15	0.991711	0.796693	0.978768
KRT14	0.972866	0.950244	0.9673
PLA2G4A	0.981994	0.155526	0.313244
PLA2G4F	0.974559	0.960228	0.967335
CMTM2	0.962645	0.971985	0.95101
CMTM5	0.912263	0.97068	0.974357
COL11A1	0.385124	0.037183	0.020921
GNG4	0.985162	0.971903	0.976562
UGT3A2	0.846667	0.98277	0.977649
RASGEF1C	0.986666	0.867569	0.986998
ONECUT2	0.986736	0.970801	0.971956
ONECUT1	0.984549	0.967995	0.996922
MUC5AC	0.97153	0.439557	0.960786
IGHV1-67	0.953633	0.957363	0.994895
IGHV1-69	0.982009	0.961806	0.961462
CIDEC	0.984222	0.99629	0.976034
TSPAN18	0.970438	0.796693	0.961685
TPTE2	0.974105	0.369583	0.999467
IGHV4-39	0.955322	0.796693	0.951657
FCN3	0.957751	0.796693	0.98487
HSPB6	0.992029	0.985175	0.954417
HSPB3	0.954481	0.796693	0.99863
HCAR1	0.997671	0.796693	0.981777
SCGB1A1	0.997961	0.796693	0.957211
TCF21	0.988954	0.994925	0.95732
WIF1	0.9115	0.796693	0.562616
IGHJ3P	0.985585	0.967936	0.95788
IGKC	0.972432	0.967373	0.977236
RPS2P15	0.97112	0.96027	0.991172
BPIFA2	0.967766	0.796693	0.99014
BPIFA1	0.9702	0.970755	0.997902
TMEM156	0.669282	0.97945	0.971186
ARL14	0.983396	0.796693	0.967755
KIF4A	0.939727	0.605295	0.997889
WDR72	0.267503	0.780871	0.432111
TRIM67	0.593625	0.653811	0.313244
LINC00896	0.968486	0.997495	0.98652
MCF2	0.094544	0.498287	0.45237
CDO1	0.963422	0.95168	0.960906
ZWINT	0.939727	0.155526	0.966481
EGOT	0.955143	0.97094	0.978668
PRKG2	0.247195	0.887808	0.19043
CALML6	0.959262	0.72779	0.956601
LRRC37A9P	0.994771	0.954576	0.965135
AGRP	0.961541	0.991466	0.984847
RUFY4	0.979754	0.963491	0.957485
AGR2	0.310449	0.957357	0.562616
DNAJC22	0.456492	0.36958	0.100561
NTSR1	0.077991	0.082725	0.990128
KANK3	0.969637	0.972613	0.995034
USHBP1	0.001992	0.982968	0.018435
RPS18P13	0.998446	0.976383	0.981846
IGHV2-26	0.989997	0.533487	0.562616
ESCO2	0.974051	0.533487	0.562616
SCARNA21	0.990203	0.994693	0.956809
CDC25A	0.310449	0.72779	0.955439
PRAME	0.022446	0.0827	0.676214
SLC27A6	0.383717	0.204762	0.05513
AK4	0.961628	0.980367	0.987222
SLC24A2	0.614251	0.155526	0.079839
ITLN2	0.968937	0.970515	0.965284
ITLN1	0.912263	0.904086	0.736761
SLC7A11-AS1	0.998773	0.959506	0.954509
ANKRD36C	0.969943	0.533487	0.962691
LIMS2	0.956242	0.796693	0.994677
SUN3	0.974994	0.49217	0.980093
ACKR4	0.959703	0.545592	0.989107
GPER1	0.999675	0.972714	0.992937
PRRX2	0.981402	0.952193	0.968759
MIR31HG	0.965596	0.959916	0.999579
ABCA12	0.728445	0.228461	0.208545
RHBG	0.961779	0.969119	0.973801
COCH	0.912263	0.991907	0.992978
POU3F2	0.186096	0.979632	0.313244
TSACC	0.959399	0.533487	0.966992
SLC7A5	0.991391	0.533487	0.98652
PLOD2	0.456492	0.864488	0.313244
JPH3	0.957733	0.098243	0.562616
JPH4	0.456492	0.36958	0.100561
SLITRK2	0.834569	0.19934	0.867965
MYBPH	0.456492	0.967329	0.559305
GREB1L	0.960404	0.982525	0.987296
DCSTAMP	0.053482	0.796552	0.208545
FUT3	0.953863	0.867569	0.958302
FUT2	0.310449	0.989313	0.562616
GHR	0.988337	0.157419	0.559305
VTCN1	0.970718	0.796693	0.956022
APCDD1L	0.9115	0.972897	0.953287
PAFAH1B3	0.97642	0.965785	0.992006
STARD13	0.094544	0.963051	0.210241
MT1M	0.962374	0.796693	0.985672
MGAT3	0.958834	0.342424	0.559305
MMP7	0.980516	0.961498	0.990288
MMP3	0.66812	0.187027	0.998951
HHIPL2	0.947016	0.918915	0.981566
KIF26B	0.519201	0.956264	0.504282
ANKS4B	0.953283	0.98196	0.981357
IGKV3-7	0.912263	0.99788	0.952365
MIR3677	0.969709	0.967847	0.998231
FSTL4	0.975577	0.963279	0.952703
NUF2	0.845857	0.995925	0.985835
ANXA8L1	0.972167	0.989286	0.973591
C12orf42	0.912263	0.904086	0.736761
FGF11	0.977343	0.978533	0.988686
FGF10	0.956684	0.887808	0.998115
KCNJ10	0.95164	0.993776	0.996321
SLC6A4	0.001992	0.796693	0.003507
COL22A1	0.08714	0.837597	0.076346
WFDC10B	0.968298	0.961079	0.954943
RADIL	0.593625	0.261208	0.100561
SLCO5A1	0.314048	0.816184	0.589914
STRCP1	0.983618	0.970053	0.968187
SCARNA7	0.960521	0.963799	0.983596
GCM1	0.776565	0.261208	0.958275
SCARNA5	0.99096	0.990822	0.975457
VWC2	0.962515	0.733151	0.977896
IGLV3-27	0.996843	0.981901	0.969782
ITPKA	0.999255	0.95666	0.961429
UPK1B	0.96297	0.991431	0.989502
COL5A2	0.876667	0.124006	0.198643
COL5A1	0.307575	0.205441	0.048133
LAMP3	0.95481	0.867569	0.993707
DUSP5P1	0.975404	0.968272	0.980552
JSRP1	0.980424	0.796693	0.99195
TGM5	0.9115	0.796693	0.562616
ADM2	0.991225	0.981285	0.974465
NCAPH	0.593625	0.968563	0.559305
NCAPG	0.456492	0.36958	0.100561
TRPM8	0.145931	0.08712	0.004018
TRPM5	0.059761	0.975323	0.119204
BCAS1	0.006732	0.981475	0.05513
PABPC1L	0.669282	0.218414	0.974482
GALNT14	0.247195	0.601854	0.676214
CACNA2D2	0.310449	0.950552	0.562616
PTCRA	0.579226	0.135117	0.950592
TAS1R3	0.982925	0.995037	0.982487
GPC2	0.966377	0.43409	0.736761
RTN4RL2	0.953248	0.021747	0.559305
REEP6	0.978317	0.72779	0.955787
CECR7	0.987873	0.953355	0.957209
ANKRD7	0.593625	0.653811	0.313244
ANKRD1	0.972852	0.989831	0.983626
IGHV3-19	0.955901	0.989826	0.955532
IGHV3-15	0.963517	0.979125	0.971826
IGHV3-11	0.986985	0.972841	0.9977
IGHV3-13	0.985853	0.867569	0.959192
KCNH8	0.260875	0.979586	0.275758
SLC28A1	0.912263	0.987226	0.959602
MYCN	0.776565	0.261208	0.989808
PARPBP	0.971158	0.533487	0.951962
TK1	0.95913	0.973611	0.950188
KRT18P8	0.992445	0.985163	0.99684
CELSR3	0.685577	0.07028	0.05513
LRRC32	0.762341	0.986692	0.823855
SLC26A4-AS1	0.955063	0.962288	0.976368
CCDC169	0.956439	0.971033	0.972526
SNORA53	0.975688	0.994209	0.980562
LINC00337	0.966964	0.991886	0.996401
C4BPB	0.985427	0.72779	0.984172
PTPN5	0.505029	0.986125	0.559305
FOXO6	0.974255	0.980291	0.971396
CCNO	0.310449	0.72779	0.972312
NCKAP5	0.151032	0.408199	0.533829
KDELR3	0.960811	0.72779	0.990622
IGHV4-55	0.968845	0.999739	0.997804
PIF1	0.912263	0.864488	0.984192
TNXB	0.236985	0.661208	0.432111
LHB	0.669282	0.975629	0.562616
IGKV1-27	0.022446	0.969875	0.079839
ADRA1A	0.998312	0.533487	0.990117
NELL1	0.961883	0.061968	0.208545
SNORD3A	0.960628	0.973896	0.98984
KIF18B	0.953976	0.545592	0.971342
TGM1	0.579226	0.369583	0.997667
ALG1L5P	0.960882	0.972929	0.981998
PPP1R14BP2	0.964453	0.972258	0.975122
PPP1R14BP3	0.969816	0.999612	0.977596
ERCC6L	0.912263	0.999502	0.971115
GRIK2	0.287886	0.629107	0.640429
GRIK4	0.972771	0.661208	0.676214
GREM1	0.986721	0.960722	0.983406
PADI1	0.593625	0.963111	0.559305
PADI4	0.845857	0.369583	0.313244
ZPLD1	0.519201	0.742298	0.337596
ATP6V1C2	0.310449	0.974274	0.562616
CLEC1A	0.31757	0.95026	0.559305
ADAM28	0.593625	0.960487	0.793428
SLC19A3	0.9115	0.957923	0.983317
COL6A4P2	0.955006	0.985057	0.979435
COL6A4P1	0.997563	0.964782	0.974951
SBK1	0.983659	0.954759	0.958728
CDC20	0.31757	0.978883	0.559305
LINC00589	0.981131	0.956506	0.960045
ANGPTL7	0.99184	0.796693	0.975592
ANGPTL5	0.456492	0.864488	0.313244
ANGPTL3	0.669282	0.973908	0.956359
ANGPTL1	0.997287	0.796693	0.994125
MMP10	0.104868	0.95078	0.19043
MMP11	0.961696	0.986833	0.955033
MMP12	0.96712	0.958855	0.974222
MMP13	0.094544	0.709223	0.05513
MMP19	0.993863	0.672678	0.736761
KCNK12	0.983112	0.973383	0.950136
KCNK10	0.169937	0.438805	0.676214
TCN1	0.022446	0.43409	0.337596
ALG1L	0.669282	0.993943	0.562616
IL37	0.912263	0.864488	0.951321
IL33	0.967363	0.533487	0.562616
NKPD1	0.966753	0.533487	0.951099
CAMK2N2	0.967732	0.973622	0.999247
PLA2G1B	0.984263	0.993054	0.994837
IGHV4-34	0.954323	0.796693	0.966726
DNAH9	0.854814	0.924262	0.96908
GPR17	0.956031	0.187027	0.562616
CKAP2L	0.579226	0.709223	0.964268
IGKV2-26	0.99013	0.995968	0.957823
IGKV2-28	0.984775	0.963738	0.96758
IGKV2-29	0.951903	0.984338	0.972183
IGKJ5	0.974288	0.960299	0.958049
SNORA12	0.962215	0.954885	0.996643
MEIOB	0.950739	0.956378	0.981447
UCHL1	0.669282	0.957544	0.992354
LINC00624	0.988603	0.951624	0.967399
LINC00629	0.973542	0.966677	0.995947
STOML3	0.169937	0.261208	0.018621
SIGLEC11	0.912263	0.538489	0.559305
HMMR	0.186096	0.867569	0.559305
DCC	0.530005	0.142669	0.075561
IL17C	0.973864	0.975257	0.967168
CHRDL1	0.987853	0.488886	0.793428
AOC1	0.333211	0.369583	0.079839
IGHE	0.988669	0.966126	0.963303
LPO	0.186096	0.867569	0.559305
LPL	0.669282	0.974144	0.974792
JAM2	0.186096	0.965047	0.313244
KIF14	0.519201	0.207672	0.079839
KIF15	0.912263	0.955171	0.997679
KIF17	0.094544	0.961604	0.119204
KIF11	0.912263	0.864488	0.97896
LINC00862	0.983597	0.989708	0.986802
ASCL1	0.310449	0.974087	0.562616
LINC00866	0.959785	0.972816	0.983261
IGF2BP3	0.593625	0.653811	0.313244
CD101	0.9115	0.867569	0.950768
NLRP11	0.109235	0.488886	0.036782
SGK2	0.776565	0.952719	0.992668
TRIM71	0.980025	0.864488	0.985738
GPD1	0.987606	0.796693	0.960949
NEFL	0.969474	0.961421	0.982138
NEFH	0.912263	0.904086	0.736761
SLC28A2	0.912263	0.969155	0.963811
NRG3	0.761872	0.225765	0.210241
PSAT1	0.310449	0.213743	0.986884
OTX1	0.98272	0.982018	0.981807
IGHV6-1	0.984358	0.96261	0.951099
SHISA8	0.999887	0.977447	0.957275
HMGA2	0.962009	0.99806	0.987135
HMGA1	0.964144	0.973414	0.989055
GGT4P	0.950915	0.981304	0.998772
IQSEC3	0.959769	0.964688	0.960238
DCST2	0.96225	0.864488	0.988424
DCST1	0.9115	0.995563	0.998055
NPC1L1	0.952861	0.204762	0.559305
CD93	0.66812	0.601854	0.432111
RGS7	0.45682	0.419311	0.967247
STK32A	0.979257	0.990503	0.961215
IGKV2OR22-3	0.999789	0.968605	0.984579
IGKV2OR22-4	0.976416	0.989709	0.961052
MYO18B	0.409924	0.968144	0.461886
PITX2	0.998344	0.996352	0.982228
PITX1	0.98244	0.990585	0.968096
MMRN2	0.991433	0.49217	0.955451
MMRN1	0.704776	0.398551	0.965278
IGLON5	0.31757	0.533487	0.100561
CD36	0.912263	0.36958	0.961714
OR52K3P	0.991644	0.960556	0.985901
ACADL	0.186096	0.95976	0.313244
ADAMTS14	0.996976	0.430215	0.971445
ADAMTS16	0.350375	0.019297	0.997831
FCGR3B	0.66812	0.887808	0.984378
TDRD1	0.302389	0.204762	0.972842
RBP2	0.969758	0.975794	0.990835
RBP4	0.951595	0.72779	0.984842
RHOV	0.978559	0.97478	0.962958
RASGRF1	0.186096	0.867569	0.559305
HIGD1B	0.98311	0.965927	0.955288
IGHV4-61	0.996033	0.952698	0.985117
NPR1	0.962957	0.900046	0.976813
TMEM184A	0.9115	0.796693	0.562616
HOXB8	0.980178	0.961413	0.959885
HOXB9	0.961356	0.796693	0.952545
HOXB7	0.951488	0.961482	0.958637
SPDEF	0.310449	0.979518	0.562616
GYG2	0.9115	0.970189	0.954007
UBE2Q1-AS1	0.973704	0.970669	0.982921
TWIST1	0.98008	0.796693	0.959152
EN2	0.987051	0.96999	0.988138
CYP4B1	0.593625	0.261208	0.100561
COL25A1	0.685577	0.918915	0.589914
SMCO2	0.95603	0.962053	0.998587
IGHA2	0.912263	0.978542	0.971852
ST8SIA6	0.982701	0.990453	0.969307
ST8SIA2	0.988189	0.369583	0.957966
BTBD16	0.776565	0.261208	0.980957
MAST1	0.98437	0.992312	0.979499
IL23A	0.962633	0.991004	0.9589
TOP2A	0.579226	0.709223	0.996435
SGCG	0.950853	0.979847	0.969297
SGCA	0.9115	0.867569	0.991189
NPW	0.985257	0.9783	0.980821
EMCN	0.993083	0.533487	0.954168
LHX2	0.955818	0.796693	0.979089
VEGFD	0.994232	0.983934	0.987469
COL2A1	0.888269	0.311592	0.337596
EGLN3	0.776565	0.261208	0.965825
ADCYAP1R1	0.993051	0.742298	0.972641
IGLV5-37	0.997974	0.72779	0.967877
DPP10	0.972557	0.916285	0.989906
CENPK	0.990184	0.796693	0.957861
CENPI	0.969451	0.950004	0.968633
CENPF	0.991585	0.810879	0.975417
CENPE	0.97346	0.764639	0.965498
CENPA	0.959575	0.796693	0.983937
UCA1	0.97249	0.989008	0.967435
IGHV3OR16-13	0.988133	0.977709	0.969913
IGHV3OR16-11	0.985961	0.954838	0.965966
GREB1	0.959794	0.816184	0.960627
ARSH	0.104868	0.990308	0.19043
KRTAP5-1	0.997743	0.981828	0.969868
PRR5-ARHGAP8	0.950127	0.973834	0.98135
EZH2	0.72416	0.49217	0.313244
NR4A3	0.006732	0.996556	0.018435
AC020907.1	0.991008	0.978713	0.977273
LINC00943	0.999041	0.950402	0.993533
CDK5R2	0.969442	0.979012	0.977601
EPHB2	0.981664	0.538489	0.972105
MELK	0.952942	0.971087	0.952228
RASIP1	0.776565	0.997958	0.736761
SH3GL3	0.593625	0.261208	0.100561
SH3GL2	0.776565	0.984101	0.954241
SULT1C4	0.987112	0.970265	0.986595
GPA33	0.72416	0.887808	0.559305
INA	0.9115	0.796693	0.562616
SPAG5	0.31757	0.983531	0.313244
RN7SKP97	0.990457	0.978794	0.987477
TMEM132C	0.995962	0.72779	0.955858
TENM1	0.891796	0.23527	0.383733
GAD1	0.9115	0.984369	0.982997
ODF3L1	0.95442	0.995518	0.968934
STEAP1	0.965951	0.545592	0.973023
ARHGEF26	0.97671	0.867569	0.976738
SPTSSB	0.974711	0.974684	0.990282
IGLV4-60	0.9115	0.796693	0.562616
IGLV4-69	0.998247	0.998607	0.976809
IGKJ1	0.974901	0.998264	0.982004
IGKJ3	0.967394	0.979652	0.9888
IGKJ4	0.958825	0.72779	0.963956
RXRG	0.72416	0.957507	0.793428
IGHV3-20	0.996655	0.672678	0.736761
IGHV3-21	0.991767	0.533487	0.992911
IGHV3-22	0.992954	0.979974	0.984068
IGHV3-23	0.669282	0.956996	0.970132
IGLVI-70	0.971982	0.99392	0.974455
ABCA4	0.980118	0.560618	0.958906
ABCA3	0.912263	0.904086	0.736761
SCN8A	0.210197	0.793242	0.337596
NMUR1	0.960155	0.653811	0.953237
IGHV7-27	0.972274	0.981276	0.952788
DERL3	0.950061	0.960733	0.989037
DPEP2	0.912263	0.955567	0.988486
IGLC6	0.985973	0.991026	0.960312
IGLC7	0.968447	0.998419	0.967634
IGLC2	0.310449	0.992441	0.562616
IGLC3	0.972471	0.986723	0.966839
NDC80	0.99474	0.36958	0.562616
WDR86	0.961275	0.533487	0.953737
SFTPD	0.977198	0.72779	0.954347
DUXAP8	0.957167	0.970389	0.954239
DUXAP9	0.975129	0.965278	0.984898
FAM110D	0.988014	0.976144	0.978906
SPTB	0.846667	0.764639	0.966121
CORO2B	0.984142	0.353477	0.559305
CHRNB4	0.579226	0.369583	0.987708
HBEGF	0.992487	0.986505	0.95223
PODNL1	0.979735	0.979564	0.969609
ACY3	0.912263	0.36958	0.960923
BDNF	0.963054	0.970622	0.996383
ETV4	0.986847	0.975684	0.95105
IGHV3OR15-7	0.310449	0.997526	0.562616
TCEAL2	0.991194	0.967242	0.998589
LHFPL3-AS2	0.964016	0.972255	0.965533
SPN	0.669282	0.956588	0.562616
SP5	0.970671	0.796693	0.983164
OVCH2	0.994648	0.261208	0.562616
OVCH1	0.234894	0.822802	0.18539
GAP43	0.968799	0.672678	0.953856
CYP27B1	0.999672	0.991262	0.966757
THSD1	0.981293	0.438805	0.97376
SNORA73B	0.983025	0.965732	0.990418
ATP1A2	0.686092	0.780871	0.990907
KISS1R	0.994001	0.989649	0.995214
GPT2	0.9115	0.796693	0.562616
IGKV3D-20	0.986784	0.955626	0.979965
ALOX12P2	0.999013	0.979269	0.98918
RAC3	0.971058	0.994111	0.963741
CPLX2	0.310449	0.975359	0.562616
CLEC14A	0.72416	0.923406	0.957975
NPTX2	0.055111	0.672678	0.337596
LGALS4	0.957358	0.996878	0.972559
NMU	0.310449	0.991899	0.562616
PRDM12	0.310449	0.72779	0.989961
SPC25	0.98386	0.965089	0.963421
IGLV2-33	0.669282	0.964056	0.998533
FAM155B	0.456492	0.987454	0.559305
PTBP1P	0.987534	0.978337	0.958955
NOVA2	0.9115	0.796693	0.562616
VSX1	0.982544	0.533487	0.562616
DIO2	0.957906	0.560618	0.559305
ATOH7	0.987547	0.72779	0.978864
BHMT2	0.9115	0.954262	0.954052
FAM216B	0.310449	0.72779	0.971089
B3GNT4	0.014433	0.72779	0.313244
B3GNT3	0.669282	0.218414	0.972927
FAM189A2	0.974367	0.796693	0.979136
FAM189A1	0.963861	0.959925	0.993489
KRT79	0.104868	0.538489	0.504282
KRT78	0.992336	0.971154	0.959117
LBX2	0.990427	0.796693	0.998106
SIX2	0.456492	0.864488	0.313244
CRYGN	0.951882	0.956766	0.999192
NMNAT2	0.988693	0.653811	0.995429
NCCRP1	0.669282	0.955828	0.992788
FAM72D	0.962941	0.72779	0.979435
FAM72C	0.992913	0.962588	0.962954
FAM72B	0.958362	0.992686	0.960678
GPRIN1	0.776565	0.733151	0.559305
SLC44A5	0.617244	0.958548	0.553617
MSI1	0.983493	0.951103	0.951174
SHOX2	0.954897	0.962782	0.959726
HBB	0.990849	0.864488	0.971093
MUC20	0.965424	0.989247	0.960631
MUC21	0.988438	0.960498	0.999263
TPX2	0.845857	0.709223	0.559305
MFAP3L	0.980058	0.261208	0.562616
SPINK13	0.960897	0.72779	0.996255
ZNF887P	0.976892	0.95151	0.968821
ABI3BP	0.987116	0.780871	0.974577
LEMD1	0.957546	0.997155	0.953638
LGR4	0.969175	0.986179	0.996419
S100A3	0.987157	0.968107	0.998027
S100A2	0.993916	0.993354	0.970498
LRRIQ4	0.956258	0.977461	0.9777
ZNF695	0.104868	0.538489	0.504282
PGAM1P7	0.953548	0.967341	0.997065
IGKV1OR2-3	0.953568	0.956282	0.974192
IGKV1OR2-6	0.973456	0.992269	0.963534
DLL3	0.9115	0.867569	0.991947
LGI2	0.957906	0.900046	0.793428
LGI3	0.9115	0.867569	0.988511
LINC00160	0.964848	0.998597	0.952271
KIF2C	0.976527	0.963003	0.972558
KIF23	0.988451	0.867569	0.985317
TFR2	0.186096	0.981913	0.313244
WNT3A	0.961483	0.986793	0.955629
IGKV2D-40	0.967565	0.956154	0.980559
TMEM88	0.986559	0.72779	0.962378
PLK1	0.9115	0.867569	0.992846
PLK4	0.579226	0.369583	0.98596
POLQ	0.608747	0.447604	0.984286
IGLV6-57	0.669282	0.974425	0.979396
SMC1B	0.776565	0.653811	0.98459
IVL	0.505029	0.560618	0.974963
PHYHIPL	0.955465	0.43409	0.736761
PRSS35	0.022446	0.43409	0.337596
ACVRL1	0.990619	0.98921	0.979921
HEPACAM2	0.985209	0.97276	0.97887
CCNE1	0.9115	0.867569	0.956419
IGHV3OR16-9	0.983659	0.962193	0.967803
VIL1	0.169937	0.653811	0.079839
CPB2	0.952278	0.978449	0.97255
CCM2L	0.971273	0.72779	0.993865
SYNGR3	0.981227	0.96649	0.989399
SYNGR4	0.956133	0.545592	0.994635
ARNTL2	0.982999	0.887808	0.971028
SHCBP1	0.951202	0.950993	0.990108
PSCA	0.974807	0.72779	0.976863
PAEP	0.97656	0.796693	0.962835
KCNE4	0.077991	0.97921	0.100561
PRAM1	0.977553	0.982343	0.999498
SYNDIG1L	0.987909	0.967333	0.974612
IL36RN	0.912263	0.36958	0.998573
UMODL1	0.424788	0.277153	0.079839
PCMTD1P3	0.954877	0.967095	0.982417
BCHE	0.608747	0.629107	0.963207
IGHV2-5	0.983203	0.796693	0.973377
VSIG4	0.99232	0.981769	0.990176
CIT	0.991459	0.95779	0.980901
KCNIP1	0.997307	0.962791	0.98293
MOGAT2	0.776565	0.653811	0.971588
FTCD	0.973175	0.353477	0.559305
IGHV4-59	0.95333	0.796693	0.997849
SPP1	0.984339	0.36958	0.562616
RAB26	0.959804	0.99978	0.958847
GLRA3	0.456492	0.963404	0.559305
NQO1	0.992785	0.996485	0.991226
ZIC2	0.971095	0.991832	0.960966
IGKV1OR22-1	0.953419	0.965185	0.983618
IGKV1OR22-5	0.969091	0.982503	0.967867
LCN12	0.959125	0.994398	0.972059
TNS1	0.442266	0.979211	0.559305
TNS4	0.956295	0.982101	0.998929
FOXB1	0.990436	0.796693	0.99678
OLR1	0.66812	0.49217	0.966171
THPO	0.995446	0.864488	0.99721
IGF2BP1	0.845857	0.978318	0.793428
MROH2A	0.963541	0.999875	0.989207
IGKV1-33	0.9115	0.994576	0.996065
TMEM74	0.955859	0.864488	0.994656
IGKV6D-21	0.912263	0.36958	0.951937
C9orf24	0.987142	0.545592	0.961548
VIPR1	0.971027	0.796693	0.976661
TDRD5	0.953294	0.967442	0.951808
KIF20A	0.967121	0.672678	0.990154
MKI67	0.999303	0.793242	0.843476
LEMD1-AS1	0.986624	0.99305	0.98986
BUB1B	0.593625	0.653811	0.313244
GUCY2C	0.593625	0.653811	0.313244
WTAPP1	0.952404	0.95897	0.962368
CNFN	0.998962	0.982572	0.995402
ADAMTSL3	0.004688	0.985153	0.013711
HAS1	0.077991	0.983301	0.313244
CYP4F11	0.000146	0.796693	0.000664
ROBO4	0.302389	0.637158	0.559305
FGFR4	0.968151	0.369583	0.973379
CXCL2	0.954549	0.72779	0.99945
GCKR	0.994243	0.977943	0.992086
UBE2C	0.961389	0.982484	0.987092
UBE2T	0.979959	0.962786	0.961217
RPLP0P2	0.966659	0.992145	0.999415
BIRC5	0.014433	0.975141	0.100561
AC092535.3	0.988054	0.980107	0.950052
STRA6	0.186096	0.977662	0.313244
SUSD2	0.999509	0.99551	0.976543
SLC5A12	0.762341	0.391666	0.95428
ANKRD34B	0.66812	0.187027	0.967397
UNC45B	0.985046	0.963083	0.96663
ESPN	0.960781	0.533487	0.562616
IGKV1D-39	0.955773	0.72779	0.977277
IGKV1D-33	0.95971	0.988274	0.966112
ARHGEF15	0.955218	0.672678	0.996698
SLC39A8	0.669282	0.996033	0.562616
SLC39A5	0.669282	0.954786	0.562616
RET	0.094544	0.989104	0.210241
TMEM63C	0.669282	0.545592	0.970112
CA9	0.9982	0.9644	0.972939
CA3	0.456492	0.904086	0.793428
OGN	0.077991	0.969764	0.100561
IGHV3-79	0.957189	0.951264	0.982162
IGHV3-73	0.974876	0.533487	0.967751
IGHV3-71	0.957997	0.952027	0.973851
IGHV3-75	0.986432	0.957618	0.957803
IGHV3-74	0.995107	0.796693	0.978654
SEMA5A	0.986701	0.221311	0.658889
TMEM132A	0.579226	0.369583	0.98902
PECAM1	0.95457	0.991927	0.95401
GIMAP8	0.96371	0.733151	0.959015
GIMAP6	0.957906	0.560618	0.559305
GIMAP1	0.776565	0.733151	0.559305
IGKV1OR2-108	0.97406	0.987434	0.976707
TAL1	0.776565	0.653811	0.992377
CCDC85A	0.505029	0.560618	0.977845
MYCT1	0.9115	0.867569	0.952435
PNCK	0.966109	0.533487	0.962888
PLXNB3	0.846667	0.764639	0.963548
FSD1	0.579226	0.990604	0.736761
ARHGAP11A	0.977908	0.733151	0.97276
MFAP4	0.999225	0.533487	0.98117
GYPE	0.963145	0.983526	0.951552
TNFSF11	0.077991	0.971281	0.100561
DIRAS1	0.980021	0.971016	0.983097
ASPA	0.979841	0.533487	0.958309
WNK2	0.442266	0.439557	0.958296
FABP7	0.996956	0.213743	0.990281
FABP4	0.967924	0.964601	0.95365
AKR1C1	0.983647	0.995669	0.990516
IGLV3-10	0.310449	0.72779	0.981784
IGLV3-12	0.972571	0.972643	0.97367
IGLV3-16	0.669282	0.967703	0.562616
IGLV3-19	0.310449	0.989696	0.562616
GRIA1	0.593625	0.733151	0.951821
IGKV1OR2-11	0.965211	0.956779	0.980441
TLX2	0.995933	0.952583	0.987132
ADH1B	0.959684	0.43409	0.736761
SLC30A2	0.967842	0.960328	0.960836
RSPO2	0.953137	0.991079	0.975782
RSPO1	0.456492	0.985115	0.559305
IGKV3D-11	0.954352	0.99007	0.950928
IGKV3D-15	0.31757	0.967192	0.313244
CDC37P2	0.975057	0.988714	0.959752
TUBB1	0.912263	0.36958	0.95338
OLFM4	0.1382	0.077669	0.995792
EFNA4	0.955439	0.72779	0.991576
EFNA3	0.978323	0.72779	0.951927
EFNA2	0.966278	0.72779	0.960095
HELLPAR	0.955546	0.992257	0.975708
TFPI2	0.952533	0.961342	0.962649
RNF103-CHMP3	0.993735	0.960877	0.963686
CHGB	0.845857	0.974251	0.98296
RN7SKP173	0.9976	0.956962	0.981285
FOLR3	0.996191	0.533487	0.562616
PALMD	0.962487	0.979674	0.99409
CBLC	0.961718	0.957505	0.959734
PTTG1	0.962498	0.796693	0.955532
CDC45	0.988072	0.796693	0.969715
GFAP	0.959007	0.904086	0.98573
STEAP1B	0.996999	0.97571	0.965088
CD300C	0.9115	0.97052	0.987599
EPHX3	0.951556	0.956332	0.983959
EPHX4	0.970022	0.956895	0.950144
ARHGAP31	0.505029	0.560618	0.995913
LYVE1	0.984663	0.796693	0.992252
CACNA1I	0.235738	0.246385	0.036782
CACNA1B	0.821239	0.041946	0.504282
CACNA1E	0.308928	0.014315	0.004877
BMP8A	0.99516	0.72779	0.976996
SLC15A1	0.593625	0.99896	0.559305
IGLV1-40	0.669282	0.970891	0.562616
IGLV1-41	0.991837	0.992875	0.953112
IGLV1-44	0.961346	0.989349	0.958968
IGLV1-47	0.981236	0.969742	0.989609
CASP1P2	0.961623	0.98289	0.983426
PAX9	0.954381	0.796693	0.95327
DSG3	0.005615	0.996239	0.012366
IMPDH1P8	0.9801	0.973838	0.95603
C2orf91	0.979621	0.987325	0.957794
HBA1	0.995135	0.974505	0.973868
MUC5B	0.968652	0.747989	0.965763
HBA2	0.95972	0.796693	0.968967
FFAR4	0.9115	0.999042	0.974947
NUP210L	0.964955	0.907602	0.986827
OVOL1	0.975521	0.993601	0.96128
CCDC141	0.593625	0.061321	0.981426
RAET1K	0.953717	0.99441	0.998691
TUBB4A	0.967307	0.498287	0.823855
CCBE1	0.965347	0.545592	0.980142
ST8SIA6-AS1	0.983031	0.997435	0.968269
GJB3	0.982738	0.972998	0.966267
GJB2	0.310449	0.967373	0.562616
GJB5	0.962783	0.36958	0.562616
GJB6	0.970934	0.72779	0.951561
FOXI3	0.963027	0.971862	0.950127
SLIT3	0.608747	0.349317	0.210241
SLIT2	0.997165	0.184313	0.40585
CDKN2A	0.973252	0.99635	0.9829
GPIHBP1	0.912263	0.36958	0.96639
NME1	0.97979	0.974362	0.982923
FREM3	0.997928	0.978138	0.96044
CYP4F3	0.016761	0.904086	0.119204
VSTM2L	0.998881	0.99698	0.996421
GSTM5	0.985545	0.970062	0.969456
CPT1B	0.954766	0.533487	0.983557
MCM4	0.962705	0.439557	0.98286
DUSP13	0.99049	0.997319	0.968249
OPRD1	0.952128	0.213743	0.996684
PKMYT1	0.975318	0.979935	0.95798
TF	0.169937	0.242373	0.843476
ANKRD18B	0.954184	0.975107	0.986635
ANKRD18A	0.99845	0.99342	0.991859
SH2D5	0.912263	0.953395	0.954053
SH2D6	0.975385	0.996464	0.965483
SLC25A48	0.970548	0.796693	0.991275
ADTRP	0.310449	0.976337	0.562616
MNX1	0.31757	0.966518	0.313244
P4HA3	0.9115	0.796693	0.562616
IL5RA	0.993943	0.904086	0.973405
STRIP2	0.912263	0.864488	0.973218
PEAR1	0.247195	0.923406	0.504282
VEPH1	0.31757	0.672678	0.793428
PROC	0.104868	0.36958	0.018621
MYBPC1	0.992306	0.391666	0.793428
TBX15	0.799881	0.204762	0.19043
CCNB2	0.966131	0.976864	0.995963
CCNB1	0.984509	0.796693	0.961893
FEZF1-AS1	0.995664	0.970038	0.981646
DDN	0.169937	0.653811	0.079839
ERN2	0.519201	0.207672	0.079839
RIMBP2	0.009898	0.349317	0.001901
IGKV6-21	0.31757	0.97141	0.559305
ECEL1	0.579226	0.369583	0.987994
TERT	0.077991	0.950224	0.313244
SYNPO2L	0.912263	0.864488	0.971972
PKD1L2	0.950538	0.438805	0.996347
PNMA3	0.963724	0.952393	0.956578
PNMA5	0.776565	0.653811	0.973836
PCOLCE2	0.66812	0.887808	0.99283
CNTNAP2	0.643301	0.201694	0.170904
DPEP1	0.776565	0.997455	0.974289
MAP7D2	0.96333	0.187027	0.562616
HORMAD1	0.9115	0.992668	0.956026
OR2B6	0.970749	0.653811	0.981334
GABBR2	0.845857	0.369583	0.313244
SSTR1	0.950616	0.098243	0.562616
SOX11	0.31757	0.985076	0.313244
SOX17	0.987008	0.999804	0.969475
HES6	0.95283	0.72779	0.957574
IGHV1-58	0.31757	0.950483	0.559305
PPFIA4	0.104868	0.864488	0.079839
TM4SF4	0.960552	0.796693	0.990266
HGD	0.992247	0.796693	0.992688
CILP	0.957906	0.560618	0.559305
PKP1	0.994629	0.709223	0.950572
METTL7B	0.974693	0.796693	0.977096
OACYLP	0.983897	0.983293	0.987871
TNNI3	0.912263	0.864488	0.976103
FOXA3	0.912263	0.36958	0.955785
LBP	0.022446	0.796693	0.018621
INSM1	0.95414	0.995031	0.977867
GAL	0.965307	0.997126	0.990417
LINC00887	0.977972	0.960238	0.983545
PDIA2	0.963411	0.533487	0.562616
DACH1	0.888269	0.157419	0.19043
MUC2	0.957141	0.205441	0.676214
MUC6	0.190048	0.742298	0.119204
MUC4	0.952831	0.342424	0.559305
ADRB2	0.990304	0.213743	0.960194
DNASE1L3	0.965191	0.956488	0.972981
HPDL	0.973627	0.796693	0.967765
CTHRC1	0.95393	0.988851	0.999642
UCN2	0.966398	0.97385	0.983855
TRIM10	0.72416	0.49217	0.313244
TRIM17	0.978441	0.968832	0.963865
AKR1C2	0.97017	0.533487	0.562616
AKR1C3	0.9115	0.956919	0.995496
NXPH3	0.999213	0.996448	0.996063
NXPH4	0.985597	0.963108	0.987652
ELAVL2	0.986519	0.98296	0.970849
CAMP	0.951309	0.533487	0.562616
C1orf220	0.976033	0.964434	0.985607
LYPD6B	0.9115	0.796693	0.562616
AC024940.1	0.958919	0.957806	0.979092
XDH	0.957906	0.960641	0.971075
PPBP	0.669282	0.960778	0.562616
DDIT4L	0.993707	0.997036	0.976928
SLC16A14	0.669282	0.967831	0.964507
SPINK1	0.950622	0.954333	0.986451
HAVCR1	0.958893	0.971712	0.995792
IL22RA2	0.985576	0.36958	0.562616
PTGES	0.963359	0.954141	0.970769
ANKRD29	0.980386	0.796693	0.959336
SOHLH2	0.776565	0.653811	0.96591
CA4	0.976501	0.867569	0.999498
UHRF1	0.966643	0.974992	0.968108
CELF5	0.978639	0.963544	0.981196
CELF3	0.669282	0.545592	0.959313
PTX3	0.669282	0.987746	0.562616
RAI2	0.959773	0.887808	0.966715
RSPO4	0.988929	0.796693	0.980044
EXO1	0.967519	0.439557	0.959592
AGMAT	0.962296	0.545592	0.962928
EPAS1	0.996153	0.996773	0.98987
ALOX15	0.973606	0.959056	0.987807
SEMA6D	0.685577	0.963559	0.867965
SEMA6A	0.977265	0.936084	0.993669
ASF1B	0.999233	0.796693	0.988828
IGHV4-80	0.986649	0.961263	0.989709
DUXAP10	0.976415	0.954461	0.998745
IGHV7-81	0.990758	0.985565	0.99862
SLC25A5P5	0.972642	0.956673	0.989889
OGDHL	0.403589	0.959118	0.40585
PI16	0.669282	0.218414	0.97013
MCIDAS	0.959886	0.953274	0.984152
RXFP1	0.094544	0.770468	0.323521
SOX21-AS1	0.960696	0.974603	0.98793
HGFAC	0.955557	0.135117	0.562616
TMPRSS4	0.996156	0.953574	0.957901
FAM83B	0.73376	0.960706	0.857425
FAM83A	0.912263	0.36958	0.979321
FAM83D	0.954816	0.9582	0.98058
NEK2	0.967892	0.955942	0.958763
SCG5	0.994272	0.796693	0.977308
IGHV1-24	0.077991	0.962935	0.100561
COLEC10	0.978065	0.957418	0.962281
AKAP14	0.987548	0.796693	0.996
AKR7L	0.962062	0.953971	0.985076
ALG1L2	0.993675	0.970101	0.972667
PTPN21	0.952019	0.96011	0.979492
ADAMTS1	0.96487	0.204762	0.559305
ADAMTS8	0.952969	0.218414	0.736761
CDH5	0.980577	0.369583	0.965888
NETO1	0.961336	0.703509	0.967112
CILP2	0.957906	0.900046	0.793428
FGD5	0.888269	0.780871	0.676214
SLC5A9	0.912263	0.998107	0.990843
CARD14	0.186096	0.867569	0.559305
SLC6A3	0.186096	0.974577	0.313244
C12orf56	0.955574	0.796693	0.977016
GRM4	0.96582	0.560618	0.964907
IGLV3-21	0.310449	0.72779	0.976071
IGLV3-25	0.953543	0.984953	0.995905
EPN3	0.958072	0.988317	0.992292
FGF20	0.990993	0.961019	0.987417
YWHAEP7	0.953391	0.995302	0.969831
ECT2	0.951276	0.996233	0.950639
NECAB1	0.984989	0.796693	0.989125
PVT1	0.982175	0.991978	0.959567
SPOCK1	0.593625	0.976215	0.793428
SPOCK2	0.961736	0.796693	0.975077
SLC5A5	0.964008	0.990606	0.996754
GRHL3	0.962315	0.960831	0.985561
GCLC	0.72416	0.887808	0.559305
ALB	0.965899	0.653811	0.975254
LILRA5	0.954464	0.653811	0.9925
AK4P1	0.967398	0.998672	0.970192
KIRREL2	0.959724	0.605295	0.793428
TGFBR3	0.614251	0.907602	0.504282
SRMS	0.505029	0.277153	0.965285
MLLT11	0.995355	0.965751	0.964128
LINC00519	0.953481	0.965786	0.954777
LINC00511	0.970491	0.959774	0.978052
SOX7	0.247195	0.187027	0.018621
INHBE	0.077991	0.969474	0.100561
TSHR	0.998191	0.985704	0.998064
SH2D3C	0.66812	0.923406	0.559305
CDA	0.669282	0.974239	0.562616
ABCC2	0.95627	0.601854	0.973656
ABCC3	0.959123	0.369583	0.970708
IGHV1OR21-1	0.888269	0.311592	0.337596
ENPP3	0.593625	0.733151	0.964332
UPK3B	0.975401	0.965154	0.961281
UPK3A	0.985841	0.533487	0.997943
TMPRSS11E	0.1382	0.900046	0.119204
COX4I2	0.952991	0.956483	0.967287
TMEM212	0.986146	0.997296	0.98817
MCM10	0.388631	0.342424	0.997711
IGFBPL1	0.9115	0.796693	0.562616
SIX1	0.959233	0.533487	0.974494
CFHR3	0.247195	0.887808	0.19043
TMEM145	0.845857	0.95917	0.793428
RTKN2	0.186096	0.796693	0.100561
FER1L4	0.967407	0.985398	0.981994
SMOC1	0.034009	0.95569	0.119204
MYBL2	0.977265	0.135117	0.562616
TTC3-AS1	0.960864	0.997505	0.99493
HABP2	0.973455	0.864488	0.962721
NDRG4	0.963586	0.991362	0.953461
HMGB2P1	0.955734	0.972823	0.97686
TTYH1	0.776565	0.981644	0.995118
IGKV1-39	0.975217	0.986577	0.981265
HNF4G	0.186096	0.43409	0.793428
HNF4A	0.983347	0.796552	0.823855
HELLS	0.998625	0.867569	0.988684
FSIP2	0.532184	0.958548	0.73007
IGHV5-51	0.776565	0.653811	0.993388
ANGPT1	0.66812	0.887808	0.973767
ANGPT4	0.505029	0.900046	0.736761
IGLV2-14	0.996391	0.796693	0.977027
IGLV2-18	0.077991	0.974577	0.313244
SCARA5	0.776565	0.98596	0.736761
USH1C	0.708236	0.488886	0.337596
KBTBD12	0.912263	0.36958	0.989344
FPR2	0.66812	0.49217	0.951137
IGKV1-5	0.963389	0.959978	0.955446
IGKV1-6	0.9115	0.975909	0.955473
IGKV1-8	0.31757	0.969204	0.313244
IGKV1-9	0.972013	0.864488	0.98488
FRMD5	0.956051	0.974608	0.968557
PKNOX2	0.016761	0.904086	0.119204
FRMD3	0.912263	0.904086	0.736761
PRX	0.991939	0.975578	0.989967
SPDYE3	0.991417	0.533487	0.980962
TMEM59L	0.956524	0.983719	0.959211
NKX3-2	0.983436	0.36958	0.562616
CPNE7	0.022446	0.867569	0.19043
CPNE4	0.059761	0.923406	0.210241
DNMT3B	0.966917	0.968022	0.984577
ESPL1	0.776565	0.971526	0.954975
SULT4A1	0.9115	0.958871	0.951564
C20orf202	0.956785	0.955107	0.967611
COL10A1	0.579226	0.369583	0.992433
CHKB-CPT1B	0.992008	0.962143	0.987388
RS1	0.96974	0.987752	0.950662
E2F7	0.388631	0.605295	0.736761
E2F2	0.912263	0.864488	0.9778
E2F8	0.981962	0.962378	0.986104
SNORA22	0.971323	0.992898	0.953558
PYCR1	0.97762	0.72779	0.952836
IL36G	0.989466	0.987996	0.975838
LIPN	0.9115	0.796693	0.562616
CD300LG	0.972873	0.864488	0.982426
FEZ1	0.974042	0.653811	0.977192
ZG16B	0.979179	0.533487	0.958634
FOXD1	0.969538	0.97725	0.986317
C11orf91	0.979305	0.952739	0.976611
WDR38	0.999597	0.218414	0.736761
ASPHD1	0.776565	0.653811	0.962132
ACHE	0.970734	0.974219	0.966457
PRB3	0.997755	0.353477	0.559305
GDA	0.987788	0.923406	0.970533
PTPRQ	0.971721	0.987522	0.969
PTPRB	0.661907	0.613089	0.40585
PTPRN	0.617244	0.661208	0.950902
PTPRH	0.957382	0.349317	0.504282
SAA2	0.310449	0.72779	0.994775
LINC00857	0.982515	0.990806	0.975078
AUNIP	0.993044	0.99477	0.960366
CDC6	0.669282	0.982422	0.957484
FGF2	0.981614	0.796693	0.958167
LTBP4	0.66812	0.187027	0.9905
ECEL1P2	0.952439	0.998184	0.984947
SLC25A10	0.912263	0.864488	0.971208
VIT	0.505029	0.981382	0.559305
TMEM88B	0.970461	0.986105	0.972889
COX6B2	0.955192	0.977424	0.968398
CLDN9	0.981685	0.966721	0.982389
CLDN5	0.996418	0.957183	0.992741
CLDN6	0.967698	0.957033	0.972445
LGALS7B	0.972452	0.991925	0.954477
SNX22	0.986303	0.960482	0.975397
PANX2	0.990613	0.957626	0.983357
ZBTB16	0.776565	0.968796	0.736761
C1orf158	0.996256	0.796693	0.971129
LINC00460	0.974189	0.968205	0.962379
ACMSD	0.9115	0.796693	0.562616
CRLF1	0.66812	0.49217	0.970596
TNFRSF18	0.995488	0.982656	0.955078
CHODL	0.990032	0.653811	0.9768
CLEC3B	0.998461	0.959629	0.979572
AMBP	0.669282	0.218414	0.978367
CYP2F1	0.980854	0.72779	0.983437
VWFP1	0.954237	0.992379	0.969547
MIR4653	0.975287	0.951981	0.960341
IGKV2D-30	0.776565	0.959192	0.736761
MEG8	0.958607	0.979774	0.978532
IL31RA	0.247195	0.979636	0.337596
IGLV9-49	0.98505	0.988203	0.955347
CALCA	0.72416	0.187027	0.100561
CALCB	0.669282	0.978183	0.562616
IGLV2-8	0.974427	0.984916	0.987544
CKM	0.976081	0.067034	0.736761
IGLV2-5	0.96847	0.960192	0.989812
ARHGAP6	0.708236	0.488886	0.337596
ANXA10	0.961916	0.965131	0.951172
CD79A	0.310449	0.995561	0.562616
CATSPERD	0.456492	0.98828	0.559305
CATSPERB	0.996737	0.533487	0.953003
FAM178B	0.952968	0.983279	0.959508
TRHDE	0.800237	0.486933	0.971855
HOXC9	0.669282	0.990453	0.562616
HOXC8	0.965282	0.954617	0.993271
IGHV7-4-1	0.974852	0.959108	0.996524
IGLJ2	0.99097	0.988756	0.990589
IGKV3OR2-268	0.979802	0.951438	0.984806
CXCL13	0.971478	0.72779	0.976337
CXCL14	0.990032	0.72779	0.970108
HCN1	0.935065	0.368541	0.461886
HCN2	0.974746	0.981483	0.989214
GOLGA7B	0.975128	0.960151	0.956938
SIM2	0.969119	0.864488	0.96268
MEX3A	0.669282	0.990288	0.562616
MIR5195	0.971057	0.973166	0.983143
TEK	0.964663	0.967426	0.985501
DEPDC1	0.776565	0.985299	0.736761
DEPDC7	0.965121	0.533487	0.987006
STXBP6	0.912263	0.36958	0.966886
S1PR1	0.968957	0.887808	0.953057
DMBX1	0.247195	0.923406	0.504282
PRKCG	0.519201	0.742298	0.337596
SNORA14B	0.996708	0.969241	0.961198
IGHV4-31	0.776565	0.261208	0.994453
STIL	0.66812	0.887808	0.986026
FAM162B	0.968394	0.964725	0.967642
IL6	0.669282	0.966657	0.562616
RAMP1	0.985135	0.72779	0.966617
RAMP3	0.970742	0.72779	0.978189
RAMP2	0.967787	0.980042	0.982741
CENPU	0.9115	0.796693	0.562616
CGREF1	0.998404	0.533487	0.984466
MTHFD1P1	0.978189	0.950295	0.957925
ANLN	0.845857	0.709223	0.559305
GDF10	0.799881	0.391666	0.337596
MYH16	0.966862	0.97194	0.998904
IGHV3OR16-12	0.964717	0.987209	0.96153
IGHV3OR16-15	0.960597	0.95904	0.960447
CGNL1	0.456492	0.864488	0.313244
LINC00543	0.9715	0.981305	0.993776
IGKV1D-17	0.951064	0.560618	0.964967
IGKV1D-16	0.964905	0.770468	0.991875
IGKV1D-13	0.971246	0.030435	0.432111
IGKV1D-12	0.964544	0.653811	0.987928
SLC9A2	0.845857	0.709223	0.559305
SLC9A3	0.981909	0.170289	0.974305
ARHGEF39	0.984143	0.997721	0.964141
TBX4	0.314048	0.265367	0.05513
FAP	0.845857	0.950006	0.793428
C1QL1	0.310449	0.98648	0.562616
SCN7A	0.235738	0.916285	0.208545
IGHV3-53	0.72416	0.49217	0.313244
IGHV3-52	0.964526	0.989075	0.969039
SEMA3G	0.971685	0.796693	0.966732
DDX11-AS1	0.990113	0.991866	0.968292
SNORD14E	0.981593	0.966005	0.997856
C20orf85	0.950271	0.999097	0.956999
C1QTNF6	0.954362	0.990622	0.964094
C17orf78	0.96034	0.533487	0.562616
PRR11	0.969422	0.963994	0.998659
LINC00032	0.987196	0.961753	0.958381
HNRNPA1P27	0.950363	0.985096	0.977399
SRGAP3-AS2	0.963639	0.999722	0.993315
A2ML1	0.9504	0.68009	0.843476
MYOC	0.957906	0.974349	0.99194
ERVH48-1	0.973771	0.950181	0.968931
INSRR	0.038769	0.253904	0.004711
FOSB	0.310449	0.993383	0.562616
MYT1	0.314048	0.816184	0.589914
TCF24	0.967851	0.956009	0.982175
TMEM171	0.99233	0.971074	0.969399
APOLD1	0.953286	0.796693	0.9702
IGLV3-1	0.998825	0.967038	0.967208
IGLV3-9	0.669282	0.98129	0.992592
S100P	0.981841	0.989796	0.965722
CASP12	0.986006	0.987731	0.974091
CYP27C1	0.014433	0.72779	0.313244
DQX1	0.456492	0.864488	0.313244
HSF2BP	0.983062	0.972633	0.953262
DLC1	0.403253	0.486933	0.823855
ORC6	0.669282	0.980592	0.562616
ORC1	0.055111	0.99097	0.079839
SBSN	0.72416	0.975408	0.793428
CNTFR	0.954208	0.963858	0.999374
BARX2	0.982938	0.984229	0.964305
CABYR	0.996202	0.36958	0.562616
BARX1	0.967623	0.96367	0.98227
ADAMTS9-AS1	0.952108	0.995448	0.975692
PGLYRP1	0.993781	0.796693	0.954116
ACRV1	0.981991	0.796693	0.959126
RN7SL674P	0.998195	0.994417	0.985134
PGLYRP4	0.953167	0.864488	0.975114
RGS20	0.972843	0.979125	0.957856
RECQL4	0.954711	0.956381	0.99848
SAA1	0.957196	0.995646	0.963353
C20orf197	0.014433	0.72779	0.313244
CHEK1	0.9115	0.958441	0.956025
GINS2	0.959935	0.994347	0.990276
GINS1	0.9707	0.990966	0.974948
GINS4	0.983659	0.533487	0.992075
PLD5	0.022446	0.195864	0.504282
C6	0.888269	0.311592	0.337596
CP	0.95869	0.187027	0.562616
PROX1-AS1	0.975085	0.953317	0.981409
CASKIN1	0.169937	0.975818	0.19043
IL7R	0.984467	0.349317	0.953725
SATB2-AS1	0.995601	0.975105	0.953628
FAM131C	0.972204	0.991185	0.995403
IGHV7-56	0.997711	0.995542	0.985169
TRIP13	0.055111	0.353477	0.504282
FGFBP2	0.951371	0.533487	0.970003
TCL6	0.962912	0.72779	0.986883
RPL13AP17	0.979834	0.97137	0.972722
PLEK2	0.669282	0.980177	0.562616
TCTE1	0.9115	0.978903	0.964426
SNORA5A	0.996931	0.960343	0.979931
CLSPN	0.72416	0.887808	0.559305
SLC2A1-AS1	0.98114	0.951143	0.96964
MUC3A	0.939727	0.678062	0.676214
PACSIN1	0.975534	0.980557	0.959204
IGKV5-2	0.992303	0.533487	0.562616
HAL	0.963448	0.545592	0.951331
LRRC71	0.954368	0.96461	0.973728
TRIM31-AS1	0.961153	0.972591	0.999003
SCARNA6	0.990138	0.959014	0.96199
LGSN	0.9648	0.864488	0.954257
IGKV7-3	0.961009	0.953937	0.988336
ANKRD36BP2	0.974162	0.980499	0.992697
TOX3	0.984614	0.36958	0.562616
PCSK1N	0.96531	0.969442	0.968066
PRG4	0.165811	0.380674	0.432111
FAM133A	0.967437	0.998931	0.954729
HNF1A	0.966515	0.968012	0.986171
PROM2	0.955404	0.995777	0.988141
CSF3	0.975081	0.961703	0.954353
CNTN6	0.190048	0.994877	0.323521
SNORD72	0.965305	0.976987	0.989344
CNGA1	0.981373	0.672678	0.736761
CNGA3	0.66812	0.99935	0.736761
AIM2	0.962521	0.187027	0.562616
TRIM31	0.98542	0.796693	0.950619
FAM107A	0.959532	0.957373	0.981624
IQGAP3	0.979255	0.342424	0.559305
TUBA4B	0.992079	0.996498	0.972008
RNF183	0.956451	0.72779	0.953895
MROH6	0.9115	0.796693	0.562616
SYT12	0.962607	0.955746	0.964991
SYT13	0.776565	0.438805	0.432111
SYT16	0.846667	0.265367	0.971116
SYT14	0.959394	0.923406	0.999351
SYT15	0.976197	0.864488	0.988399
NDP	0.986383	0.993611	0.971181
UBE2QL1	0.990864	0.969999	0.987702
MRC1	0.97979	0.867569	0.967551
SPC24	0.974105	0.957931	0.956293
KL	0.388631	0.342424	0.98888
HSPA12B	0.964011	0.0827	0.432111
GPM6A	0.776565	0.653811	0.961549
KIF25-AS1	0.998627	0.958872	0.982568
ABCA8	0.72416	0.601854	0.963
F5	0.465795	0.97852	0.52041
F7	0.66812	0.887808	0.965964
HTR3A	0.456492	0.538489	0.950402
DYNLRB2	0.669282	0.997485	0.990533
PDZD2	0.424788	0.415063	0.992735
VSIG1	0.186096	0.867569	0.559305
KCND2	0.762341	0.703509	0.553617
TCAM1P	0.968648	0.952022	0.96896
NGEF	0.97115	0.991876	0.964216
LY6D	0.669282	0.981181	0.954674
LY6K	0.956879	0.796693	0.981285
SERPINA5	0.388631	0.605295	0.736761
TSPAN8	0.669282	0.961859	0.953429
IGHV4-28	0.99199	0.533487	0.562616
XKRX	0.978914	0.545592	0.960066
LINC00665	0.998121	0.967092	0.967941
GOLM1	0.95588	0.970052	0.989161
XKR9	0.776565	0.964874	0.98799
CALML3-AS1	0.956832	0.998742	0.961884
HJURP	0.456492	0.864488	0.313244
DOK5	0.912263	0.995594	0.987952
RAB3B	0.964331	0.72779	0.951543
GDNF	0.31757	0.960907	0.313244
PPP2R2C	0.972915	0.959873	0.990491
TTK	0.104868	0.146424	0.843476
MIOX	0.669282	0.953113	0.562616
MYEOV	0.995918	0.672678	0.736761
SRPK3	0.66812	0.49217	0.996645
ITIH5	0.990862	0.99779	0.985169
TONSL	0.66812	0.49217	0.985463
KIF5A	0.974218	0.430215	0.98445
MASP1	0.939727	0.678062	0.676214
CDK1	0.998069	0.962293	0.996054
ECSCR	0.971454	0.973856	0.958625
RAD51	0.953633	0.982204	0.992072
IGKV4-1	0.991331	0.986724	0.987895
ADRB1	0.986332	0.965466	0.99307
SIRPB1	0.776565	0.653811	0.993673
SMPX	0.961794	0.72779	0.970194
C14orf39	0.9115	0.984359	0.987553
RMDN2-AS1	0.958188	0.969044	0.996865
HOXC6	0.966174	0.72779	0.977684
TFF1	0.989932	0.98888	0.993116
ABCC13	0.950762	0.954543	0.982884
ABCC11	0.836962	0.695347	0.589914
DEPDC1B	0.022446	0.796693	0.018621
ANO2	0.267503	0.525811	0.559305
COL3A1	0.834569	0.986173	0.784191
MYZAP	0.977843	0.796693	0.995352
APOBEC3B	0.310449	0.988659	0.562616
C10orf67	0.998675	0.97161	0.954389
SLC1A7	0.669282	0.965652	0.562616
SLC1A1	0.979608	0.965334	0.973212
SLC2A5	0.9115	0.796693	0.562616
FA2H	0.669282	0.987184	0.562616
SLC2A1	0.966784	0.984834	0.992865
CEACAM1	0.973885	0.867569	0.982004
CEACAM5	0.579226	0.135117	0.952616
CEACAM7	0.980787	0.994532	0.977147
CEACAM8	0.979865	0.994294	0.989681
FZD9	0.077991	0.988337	0.313244
NAT8L	0.954484	0.978845	0.975364
FMO2	0.953761	0.207672	0.313244
STX1A	0.981927	0.954951	0.989097
KRT80	0.186096	0.984207	0.313244
KRT81	0.984989	0.960706	0.980039
STX11	0.99475	0.964315	0.974831
STK31	0.104868	0.291529	0.676214
DPP6	0.287886	0.554643	0.132855
BCAN	0.314048	0.764639	0.210241
DUSP9	0.993145	0.99588	0.988155
DUSP4	0.669282	0.98819	0.562616
OR51E1	0.31757	0.533487	0.100561
TRPA1	0.962793	0.648925	0.762325
RHCG	0.593625	0.653811	0.313244
AHNAK2	0.643301	0.913643	0.812294
SCN4A	0.078403	0.457424	0.40585
SCN4B	0.957059	0.72779	0.981409
IGHV3-60	0.99711	0.962756	0.991316
IGHV3-62	0.956125	0.9902	0.98224
IGHV3-64	0.953954	0.951983	0.958706
IGHV3-66	0.077991	0.992958	0.100561
KCNQ5	0.957906	0.560618	0.559305
KCNQ3	0.31757	0.353477	0.960213
UNC5CL	0.912263	0.36958	0.9729
TNNC1	0.95082	0.993348	0.99549
TNNC2	0.953644	0.796693	0.956975
CYP3A7	0.077991	0.975877	0.100561
AFAP1-AS1	0.964254	0.996553	0.95402
LDB2	0.686092	0.157419	0.958061
MYH2	0.615528	0.969544	0.698972
TBX18	0.957906	0.560618	0.559305
PIP5K1B	0.968225	0.986159	0.986652
GPR35	0.593625	0.653811	0.313244
GPR37	0.981796	0.954201	0.991205
TRIM72	0.72416	0.974379	0.793428
RPL23AP77	0.957018	0.970671	0.984477
TRAPPC3L	0.999294	0.971479	0.978267
CLDN10	0.994439	0.653811	0.964603
CLDN18	0.9115	0.956762	0.991182
LINC00707	0.960651	0.969175	0.959098
LINC00702	0.993643	0.962517	0.955399
C1ORF220	0.982974	0.533487	0.970972
GPX3	0.992612	0.964376	0.982055
GPX2	0.977906	0.997405	0.973896
NTS	0.31757	0.533487	0.100561
NTM	0.424788	0.900046	0.337596
ST6GALNAC5	0.985132	0.976463	0.973325
MCHR1	0.186096	0.796693	0.100561
SAPCD2	0.310449	0.997671	0.562616
LINGO1	0.72416	0.187027	0.100561
STYK1	0.964094	0.952151	0.955812
ARC	0.912263	0.864488	0.972896
SFTPA2	0.669282	0.545592	0.996603
SFTPA1	0.31757	0.952498	0.313244
MEGF10	0.982179	0.960176	0.971841
CPS1	0.757858	0.925308	0.674374
IGKV3-20	0.981959	0.954741	0.970925
SELE	0.579226	0.498287	0.337596
RMI2	0.972221	0.963575	0.960419
IGKV1D-43	0.969566	0.964132	0.965953
SLC7A10	0.953092	0.996725	0.957338
SLC7A11	0.956098	0.961344	0.994606
SELP	0.947016	0.918915	0.952555
total_mutations	0.968555	0.965653	0.968344
