Gene	31	32	12
CPHL1P	0.995797	0.989492	0.962109
ITGA8	0.977018	0.392686	0.556074
ARTN	0.975224	0.983507	0.954178
ART4	0.96217	0.989552	0.9571
STAU2-AS1	0.981379	0.981107	0.958512
MSL3P1	0.957731	0.989197	0.998188
RNF182	0.992048	0.969601	0.967357
B3GAT1	0.934303	0.981846	0.995355
GSDMC	0.988762	0.990463	0.966528
DLGAP5	0.970824	0.960462	0.972104
OIP5	0.951474	0.95315	0.98323
MZB1	0.959281	0.973422	0.96161
MSMB	0.96217	0.236707	0.663745
SOX21	0.968003	0.966148	0.989058
HOXA10	0.961089	0.989552	0.979522
GCNT3	0.974628	0.989552	0.974771
CCDC173	0.96217	0.46659	0.975999
PDK4	0.950114	0.978977	0.968179
IGHV1-2	0.548957	0.981846	0.938395
BHLHA15	0.965792	0.965766	0.952713
IGHV4-4	0.96776	0.978707	0.99865
MB	0.970932	0.967525	0.982985
SLC17A9	0.982942	0.989422	0.938395
CYP4A22-AS1	0.971513	0.961662	0.968576
SYT2	0.97709	0.066761	0.083963
SYT5	0.520151	0.970897	0.508401
SYT6	0.98688	0.956566	0.938395
SYT7	0.999868	0.979536	0.955696
IGKV1-12	0.969321	0.255226	0.448101
IGKV1-16	0.09724	0.56864	0.409129
IGKV1-17	0.985204	0.74834	0.926883
BRIP1	0.983896	0.524163	0.647682
ENO3	0.999488	0.489603	0.972618
SNORD94	0.991501	0.970906	0.956172
CNGB1	0.968236	0.987241	0.95073
NKAIN4	0.520151	0.489603	0.958674
NKAIN3	0.95728	0.960435	0.965805
NKAIN1	0.951856	0.961335	0.970945
VGF	0.999068	0.489603	0.448101
WNT3	0.95257	0.996158	0.981544
PACRG	0.425855	0.992967	0.663745
IGHV5-78	0.960913	0.970178	0.976625
KCP	0.976867	0.998294	0.966914
ADAM12	0.952798	0.779846	0.916835
PCSK1	0.425855	0.956153	0.409129
CCNA2	0.998195	0.992445	0.963339
SKA1	0.952738	0.981846	0.508401
SKA3	0.95454	0.997124	0.966921
SVEP1	0.760481	0.762524	0.998231
PHACTR1	0.682811	0.255226	0.972618
ARHGAP40	0.985284	0.993765	0.950395
TNNT1	0.520151	0.968174	0.960756
TESC	0.976104	0.950936	0.972618
AOC3	0.934303	0.981846	0.984642
IGLV1-36	0.973827	0.978574	0.950899
ESPNP	0.955853	0.995622	0.988292
KCNA4	0.563766	0.989441	0.528105
KCNA5	0.648653	0.746173	0.961962
BHMT	0.520151	0.981355	0.508401
PLA2G2C	0.961974	0.961517	0.983916
SPTBN2	0.823491	0.964777	0.566536
IGKV2-30	0.91496	0.656546	0.958737
SERPINB5	0.213378	0.236707	0.996237
SERPINB7	0.522757	0.980133	0.742958
TRIM58	0.382678	0.65725	0.862063
ZNF252P-AS1	0.995837	0.967195	0.965452
GPR146	0.983304	0.999175	0.972175
SLC7A9	0.978002	0.596346	0.663745
IGHV1-45	0.682811	0.969427	0.953781
IGHV1-46	0.156605	0.703942	0.508401
GLIPR2	0.98199	0.989552	0.986534
ACTN2	0.600859	0.779965	0.317161
LINC00634	0.971576	0.984754	0.957417
TMPRSS6	0.972365	0.965805	0.984186
SLC35F3	0.522757	0.465512	0.988273
FOXF1	0.548957	0.981846	0.938395
HAR1B	0.981853	0.9794	0.974787
INSL3	0.996843	0.98667	0.97686
RDM1	0.990754	0.995351	0.963882
INMT	0.767433	0.382975	0.952427
NPTX1	0.990234	0.989552	0.950677
PTCHD3P2	0.998276	0.965102	0.955632
GLDN	0.96217	0.989552	0.974352
GLDC	0.865215	0.961581	0.617624
QPCT	0.520151	0.489603	0.982379
GRK5	0.089245	0.74834	0.270592
RN7SL1	0.998248	0.992636	0.985917
RN7SL3	0.959143	0.970153	0.992776
CAPSL	0.91496	0.967742	0.938395
MYADML2	0.975549	0.965113	0.967582
HPCA	0.970544	0.969738	0.972618
IGSF10	0.333678	0.40983	0.969555
EFCC1	0.96217	0.989552	0.989766
RBBP8NL	0.967473	0.989552	0.958713
GPC3	0.767433	0.382975	0.952427
LOXHD1	0.966164	0.963605	0.980844
HMGB3	0.986533	0.960776	0.958947
EEF1A2	0.957384	0.993906	0.938395
CALY	0.963142	0.95145	0.953941
C5orf46	0.96217	0.973174	0.972618
TRIM9	0.225409	0.163526	0.990928
PAH	0.59605	0.967151	0.618793
LYPD3	0.962754	0.967586	0.982375
LYPD1	0.520151	0.993001	0.971965
FAT2	0.690963	0.788967	0.398154
AKR7A3	0.26205	0.076008	0.972618
CKMT1A	0.96217	0.972296	0.972618
CKMT1B	0.970976	0.967393	0.983505
BCL2L15	0.996799	0.976776	0.967393
BCL2L10	0.951387	0.994654	0.991891
IGHV1-3	0.979706	0.97173	0.966651
SLC38A3	0.992569	0.985544	0.974346
YBX2	0.520151	0.995706	0.965991
ERG	0.26205	0.74834	0.663745
FAM172BP	0.96149	0.967879	0.960013
IBSP	0.91496	0.982098	0.566805
SOSTDC1	0.993082	0.951849	0.951122
IGLL1	0.96217	0.989552	0.978068
IGLL5	0.957004	0.981846	0.992214
CEP55	0.425855	0.137885	0.972618
ATP10B	0.975072	0.594272	0.748716
CPXM1	0.263337	0.633344	0.058515
PLAC1	0.973751	0.989552	0.953622
PLAC4	0.990131	0.987871	0.956399
PLAC9	0.970642	0.951842	0.997578
DLX5	0.225767	0.56864	0.742958
DLX3	0.992535	0.953572	0.970927
IGHV3OR16-6	0.990701	0.970891	0.98713
IGHV3OR16-8	0.978022	0.314083	0.392187
FERMT1	0.425855	0.137885	0.972618
KLHDC8A	0.91496	0.489603	0.222079
DPYD-AS1	0.95776	0.961988	0.994087
RETN	0.951039	0.972053	0.980812
IGKV1D-8	0.985927	0.981846	0.508401
VWF	0.071912	0.548292	0.312868
CDH17	0.284425	0.603934	0.79453
B4GALNT4	0.59605	0.976487	0.926883
B4GALNT1	0.097205	0.968941	0.031669
B4GALNT2	0.59605	0.990927	0.618793
C1orf87	0.213378	0.989552	0.566805
KIFC1	0.955586	0.382975	0.566805
HS6ST2	0.97581	0.960967	0.979912
TAF7L	0.436868	0.46659	0.96563
GDPD4	0.425855	0.703942	0.960511
FCRL4	0.346848	0.979105	0.328148
FCRL5	0.600859	0.345737	0.899419
IGLV5-45	0.987168	0.981846	0.508401
IGLV5-48	0.976649	0.99733	0.972618
PNMA6A	0.965753	0.980662	0.964768
LRRC2	0.970022	0.255226	0.448101
MORN5	0.970951	0.982154	0.976218
SCUBE3	0.995132	0.965364	0.972618
SCUBE1	0.372033	0.656546	0.916835
RPSAP52	0.950022	0.968198	0.980072
RPSAP56	0.971726	0.996362	0.966569
PTHLH	0.952669	0.489603	0.972618
TPPP3	0.985488	0.967489	0.966017
GFRA3	0.973325	0.596346	0.663745
EPHA6	0.971801	0.481017	0.485006
COL9A1	0.980146	0.958592	0.996551
GLB1L3	0.682811	0.633344	0.994284
ARL9	0.990271	0.989552	0.959001
RRM2	0.96217	0.124453	0.409129
SRSF12	0.972742	0.964846	0.97549
IGKV3-11	0.977335	0.596346	0.663745
IGKV3-15	0.987634	0.973842	0.959407
Y_RNA	0.98165	0.991184	0.990582
SH2D4B	0.984642	0.351659	0.149229
LINC00525	0.99604	0.999175	0.975414
TICRR	0.983722	0.978777	0.964558
SLC4A1	0.643725	0.999355	0.677271
KNTC1	0.144836	0.603934	0.500415
IGSF9	0.95746	0.955434	0.972618
IGSF1	0.633944	0.696395	0.958351
FGR	0.974886	0.489603	0.972618
FGA	0.346848	0.986914	0.328148
FGB	0.225767	0.990949	0.328148
RPL39L	0.968485	0.994511	0.973083
NEIL3	0.960094	0.351659	0.409129
MESP1	0.991698	0.989552	0.951586
MESP2	0.96217	0.976313	0.972618
IGHV3-35	0.997536	0.953752	0.97678
IGHV3-33	0.990763	0.46659	0.508401
IGHV3-30	0.96217	0.995371	0.972618
IGHV3-38	0.99063	0.965644	0.975037
RAD54L	0.312556	0.596346	0.926883
ABCB6	0.96217	0.989552	0.96326
ABCB4	0.95042	0.779846	0.916835
ZYG11A	0.955579	0.981245	0.963553
ITGA11	0.972082	0.964688	0.938395
B3GNT6	0.956891	0.991312	0.970775
BEAN1	0.988305	0.982547	0.98179
C8B	0.522757	0.538495	0.133716
EPHA10	0.767433	0.974967	0.742958
DMRTA2	0.520151	0.489603	0.993583
MSR1	0.97905	0.656546	0.409129
TBX3	0.26205	0.74834	0.663745
SBSPON	0.998012	0.985916	0.987697
LRRC18	0.99922	0.976487	0.663745
LRRC15	0.865215	0.524163	0.926883
FAM111B	0.682811	0.255226	0.972618
IGKV1-13	0.951412	0.98531	0.967254
CHRNA5	0.96217	0.46659	0.998575
CHRNA9	0.984946	0.981846	0.952933
FAM83F	0.089245	0.076008	0.977763
SIRPD	0.436868	0.989552	0.952427
FOXM1	0.987425	0.975549	0.977515
DLX6-AS1	0.978318	0.983856	0.977646
IGHJ6	0.950966	0.957012	0.971881
IGHJ5	0.986676	0.987687	0.951927
IGHJ4	0.951852	0.964333	0.972441
IGHJ2	0.964219	0.989552	0.981997
IGHJ1	0.997185	0.96342	0.978271
CDCA2	0.981984	0.996446	0.950052
CDCA3	0.954664	0.991187	0.983483
CDCA7	0.963574	0.981474	0.967282
CDCA5	0.976473	0.984879	0.98736
CDCA8	0.955073	0.989552	0.958951
SPRED3	0.96217	0.974423	0.972618
RHBDL2	0.959608	0.964404	0.969312
RHBDL1	0.954622	0.981846	0.508401
TEX11	0.411044	0.972087	0.665567
SLCO1A2	0.175127	0.351659	0.916835
CYP24A1	0.998448	0.978219	0.997114
MAD2L1	0.95347	0.236707	0.270592
CASQ2	0.436868	0.962563	0.448101
BMPER	0.64897	0.988002	0.617624
RN7SL521P	0.98004	0.99543	0.971708
PROK2	0.973692	0.962908	0.981475
FBXO43	0.548957	0.981846	0.938395
SFRP5	0.993782	0.98398	0.972618
COL1A1	0.521619	0.44084	0.986384
COL6A6	0.091797	0.567837	0.355094
KLK12	0.520151	0.957532	0.996416
TMEM100	0.28038	0.633344	0.984192
DDX12P	0.981385	0.958324	0.982536
RNF222	0.98171	0.954871	0.994587
FGL1	0.934303	0.974069	0.952427
DSP	0.058874	0.594272	0.011293
THBD	0.436868	0.989552	0.952427
SNORD46	0.985921	0.954219	0.99403
IGLV2-23	0.436868	0.46659	0.988724
HECW1	0.030223	0.930477	0.055672
RGCC	0.999767	0.989552	0.992066
PPP1R14D	0.955226	0.969085	0.981914
PPP1R14B	0.993165	0.972401	0.953542
PCDH15	0.62585	0.974485	0.549832
COL17A1	0.372033	0.656546	0.916835
OCIAD2	0.961263	0.953646	0.981559
TEKT1	0.548957	0.976275	0.566805
TEKT5	0.96217	0.989552	0.998844
SEC14L3	0.964999	0.596346	0.663745
SEC14L6	0.978729	0.958306	0.991645
KRT6B	0.225767	0.950926	0.328148
KRT6A	0.823491	0.465512	0.938395
COMP	0.520151	0.992281	0.508401
IL19	0.995177	0.46659	0.508401
IL11	0.96217	0.980424	0.972618
MROH3P	0.994581	0.97055	0.975166
MROH9	0.472256	0.983633	0.504921
MS4A7	0.346848	0.042419	0.448101
KCNN4	0.107993	0.46659	0.618793
PKIB	0.973418	0.950936	0.972618
CCL14	0.985133	0.489603	0.972618
C1QTNF7	0.964171	0.958904	0.975561
PLEKHN1	0.964677	0.993928	0.956186
KCNT2	0.88383	0.530919	0.347884
IGHV1-12	0.955701	0.983275	0.966997
IGHV1-17	0.97407	0.950674	0.953154
IGHV1-14	0.970403	0.961595	0.950339
IGHV1-18	0.995541	0.989508	0.968152
HPSE2	0.950845	0.964778	0.978635
ALOXE3	0.213378	0.46659	0.938395
MUC16	0.856833	0.671067	0.48018
MUC13	0.520151	0.656546	0.149229
LRRN3	0.98936	0.059187	0.083744
IGHV3OR16-10	0.967711	0.989053	0.991032
WNT7A	0.951793	0.703942	0.618793
OSCAR	0.963804	0.953245	0.972618
CSRNP1	0.989552	0.964785	0.955866
BUB1	0.99039	0.956576	0.975303
FOXE1	0.988902	0.970811	0.972618
C11orf86	0.983331	0.995539	0.98876
WWC2	0.988809	0.981846	0.954264
C2CD4A	0.96665	0.966065	0.999721
C2CD4D	0.975402	0.975577	0.991449
CCDC162P	0.964201	0.975242	0.966022
GDNF-AS1	0.993544	0.979758	0.982521
ENTPD2	0.520151	0.489603	0.962474
ENTPD8	0.983703	0.969091	0.984274
EMP2	0.975177	0.990738	0.991501
CCDC26	0.95577	0.963598	0.963525
FIBIN	0.520151	0.489603	0.995849
CDKN3	0.991596	0.999513	0.978954
HEPHL1	0.975332	0.950677	0.959716
TRIM54	0.965822	0.596346	0.663745
CFD	0.993763	0.957452	0.978045
HSD17B1	0.520151	0.489603	0.964933
HSD17B6	0.9977	0.980041	0.95996
ALDH3B2	0.998466	0.964178	0.952427
IL1RL1	0.522757	0.964777	0.328148
IL1RL2	0.548957	0.952207	0.222079
AC126323.1	0.95096	0.952402	0.969435
PEBP4	0.987335	0.970843	0.989079
HNF1A-AS1	0.952981	0.984375	0.986258
CBX2	0.934303	0.981846	0.976898
PFKP	0.974102	0.980757	0.993741
POU6F2	0.823491	0.538495	0.265153
SNTN	0.980506	0.995606	0.97809
RASAL1	0.956849	0.656546	0.409129
EGF	0.593662	0.524163	0.953019
WASIR2	0.969541	0.995867	0.970393
IGKV2D-29	0.934303	0.351659	0.742958
IGKV2D-28	0.977132	0.981846	0.508401
CDH15	0.976713	0.972087	0.742958
CREG2	0.994536	0.98621	0.96399
CDH19	0.190958	0.964568	0.265153
HTR1D	0.28038	0.633344	0.977924
CD52	0.99376	0.951273	0.966676
CD5L	0.865215	0.746173	0.445054
SPATA4	0.436868	0.989552	0.952427
MIR559	0.965612	0.966668	0.955214
CALB1	0.682811	0.973488	0.956619
SPINK2	0.990439	0.953858	0.960499
SERINC2	0.997066	0.979565	0.954276
SALL4	0.861393	0.299538	0.144404
FAM177B	0.982856	0.980259	0.966702
IGHV1OR15-2	0.997208	0.957724	0.969641
IGHV1OR15-9	0.976546	0.972087	0.993759
HOXD4	0.96217	0.989552	0.951767
NPBWR1	0.962441	0.255226	0.448101
SLC6A13	0.995023	0.972988	0.979371
SLC6A11	0.91496	0.656546	0.950436
SLC6A17	0.993088	0.968211	0.938395
TAC4	0.954772	0.977873	0.961898
ADAM8	0.156605	0.382975	0.978457
IL20RB	0.952855	0.981846	0.9598
SULF1	0.053615	0.596346	0.281843
TROAP	0.993586	0.99672	0.953391
WFDC3	0.998544	0.967906	0.972618
INHA	0.520151	0.489603	0.971399
UGT8	0.934303	0.351659	0.742958
KREMEN2	0.96217	0.989552	0.971209
IGHG4	0.520151	0.968556	0.955796
IGHG1	0.98574	0.994848	0.969542
IGHG2	0.28038	0.255226	0.955806
IGHG3	0.548957	0.984339	0.222079
BPIFB2	0.225767	0.023859	0.448101
CAMK2B	0.593662	0.779846	0.975278
IGHGP	0.950595	0.984969	0.986487
C9orf50	0.959254	0.986663	0.972618
ANKRD22	0.96217	0.961963	0.972618
MKRN3	0.732067	0.44084	0.907769
LHFPL4	0.968543	0.95798	0.979368
LHFPL3	0.28038	0.997927	0.508401
TLL2	0.472256	0.990016	0.340281
PBK	0.96217	0.973396	0.972618
RIMS2	0.959517	0.346585	0.450913
ITM2A	0.59605	0.992266	0.327085
KLF4	0.59605	0.963786	0.618793
JAKMIP3	0.975499	0.993074	0.976352
ZBTB8B	0.963789	0.955496	0.988285
F12	0.989231	0.489603	0.448101
RCOR2	0.96217	0.953002	0.972618
UGT2B15	0.415715	0.079427	0.566805
LCN2	0.96217	0.950605	0.972618
DNAJC12	0.978263	0.995567	0.965222
NRK	0.635215	0.156145	0.528105
EME1	0.96217	0.954734	0.972618
DUOX1	0.998133	0.952254	0.962452
CDHR5	0.958619	0.981846	0.508401
C5orf34	0.971723	0.46659	0.508401
PCP4	0.992656	0.969259	0.972419
IGHV2-70	0.98287	0.976487	0.981341
ADAMDEC1	0.934303	0.981846	0.977556
NOX5	0.312556	0.351659	0.951727
ZBED2	0.951273	0.204306	0.083963
PF4	0.96217	0.986192	0.972618
GCOM1	0.983184	0.986617	0.970463
CRTAC1	0.312556	0.998399	0.327085
PKHD1L1	0.577447	0.674397	0.978156
PSMD10P2	0.982287	0.975223	0.974999
CXCR2	0.976816	0.989005	0.938395
CXCR1	0.950987	0.981846	0.980497
LINC00551	0.993974	0.959646	0.986535
IGKV1D-27	0.996966	0.978098	0.961394
AC105339.2	0.960806	0.970982	0.992234
HHLA2	0.436868	0.954682	0.448101
PRSS3	0.954264	0.955782	0.961684
PRSS2	0.96466	0.954581	0.969586
HEG1	0.26205	0.984959	0.409129
SNORD17	0.975738	0.977614	0.984537
AQP6	0.988945	0.959579	0.972618
AQP4	0.960917	0.974655	0.99053
GSC	0.96217	0.952811	0.972618
SNHG4	0.978295	0.977186	0.984299
GUCY1B2	0.997235	0.958269	0.961672
BTNL9	0.962365	0.489603	0.448101
IGHV3-48	0.99914	0.993774	0.968257
IGHV3-49	0.520151	0.993408	0.977154
IGHV3-47	0.975939	0.956337	0.956704
IGHV3-43	0.28038	0.255226	0.960744
IGHV3-41	0.951759	0.950917	0.987308
FHL2	0.965021	0.963425	0.987274
FHL1	0.28038	0.255226	0.961707
FHL5	0.64897	0.803878	0.997461
DNA2	0.682811	0.995561	0.97454
SNORD15B	0.952	0.960369	0.956269
MAMDC2	0.990442	0.981846	0.508401
TNR	0.928316	0.609103	0.463882
GPR19	0.988768	0.983905	0.963081
EFCAB1	0.213378	0.989552	0.566805
RAD51AP1	0.548957	0.981846	0.938395
DKK2	0.9983	0.997352	0.951669
DKK1	0.993668	0.991117	0.982577
CDT1	0.436868	0.989552	0.952427
CST2	0.976057	0.966782	0.997333
XRCC2	0.996174	0.46659	0.508401
STARD8	0.975017	0.465512	0.391239
GPT	0.972614	0.989552	0.992028
LCT	0.160471	0.72691	0.392729
POLE2	0.958973	0.958533	0.988937
SYN2	0.96217	0.986644	0.972618
LINC00184	0.956292	0.962664	0.966318
NLRC4	0.91496	0.265982	0.566536
OPRK1	0.89911	0.633344	0.327085
DNAH14	0.520151	0.976487	0.270592
EDN1	0.978063	0.96741	0.956034
SLC14A2	0.926214	0.236306	0.434212
SLC14A1	0.213378	0.989552	0.566805
SLC13A5	0.987623	0.976487	0.663745
RGS17	0.957872	0.989552	0.980735
IGFL2	0.520151	0.971806	0.973852
IGFL4	0.96217	0.989552	0.994451
DNAH17-AS1	0.956202	0.967483	0.988981
PLAU	0.213378	0.965347	0.222079
C1orf194	0.985086	0.992454	0.995995
DUOXA1	0.980826	0.489603	0.972618
GRIN1	0.960569	0.994598	0.98543
GTSE1	0.99267	0.981846	0.971557
MYO3B	0.26205	0.538495	0.053815
PHLDA2	0.954986	0.989552	0.981392
H19	0.970655	0.970108	0.985876
SMAD6	0.956051	0.958026	0.958239
F11	0.593662	0.299538	0.938395
MTND1P23	0.978059	0.974928	0.992039
SMKR1	0.964493	0.961793	0.958395
RFX8	0.9913	0.950476	0.989176
IGFBP3	0.213378	0.989552	0.566805
IGFBP1	0.964037	0.964395	0.991216
CLIC5	0.436868	0.989552	0.952427
NIM1K	0.990943	0.976487	0.663745
MSLNL	0.934303	0.965876	0.952427
EREG	0.96217	0.46659	0.964688
C14orf132	0.959615	0.958235	0.982128
CALCRL	0.89911	0.473646	0.832334
SRRM3	0.520151	0.962791	0.9762
IGLV1-51	0.988316	0.985163	0.987418
IGLV1-50	0.96217	0.951938	0.972618
ABCG2	0.91496	0.265982	0.566536
AKR1B10	0.59605	0.982512	0.327085
AKR1B15	0.425855	0.716168	0.150025
C15orf48	0.979628	0.981204	0.984569
KCNK9	0.058874	0.603934	0.24873
KCNK3	0.971205	0.981846	0.508401
VWDE	0.98458	0.971427	0.978495
MIR3189	0.951806	0.96944	0.99236
CCL23	0.96217	0.46659	0.987114
CCL24	0.96217	0.976542	0.972618
ALPK2	0.963566	0.314188	0.285864
GLYATL2	0.952649	0.997492	0.980524
LDLR	0.767433	0.137885	0.448101
FNDC1	0.424122	0.501736	0.989111
CCDC150	0.953448	0.703942	0.938395
CCDC154	0.990442	0.972761	0.987993
ATP6V0A4	0.98059	0.204306	0.24873
LINC00342	0.996433	0.964258	0.998471
PODXL2	0.425855	0.137885	0.972618
GAL3ST2	0.682811	0.633344	0.980899
IL17REL	0.96217	0.46659	0.958292
FOXH1	0.974622	0.957844	0.990204
TMEM105	0.977249	0.96502	0.960701
KRT4	0.997232	0.656546	0.742958
CDHR2	0.694074	0.764064	0.355094
TFAP2A	0.520151	0.995286	0.508401
CYYR1	0.89911	0.961466	0.926883
CRABP2	0.682811	0.255226	0.972618
AC142381.1	0.978942	0.994045	0.952983
FENDRR	0.999657	0.998559	0.977103
ODAM	0.95562	0.958997	0.997693
EDNRB	0.411044	0.692277	0.907769
CABP7	0.952466	0.96434	0.992804
FBXO32	0.96217	0.987083	0.972618
ALAS2	0.28038	0.967633	0.270592
APBA2	0.89911	0.473646	0.832334
PTPRZ1	0.971082	0.941015	0.827924
EPYC	0.682811	0.986021	0.663745
RNFT2	0.985785	0.989552	0.966221
AURKA	0.953799	0.964173	0.974235
AURKB	0.974772	0.992088	0.972618
WFIKKN2	0.593662	0.299538	0.938395
CAV2	0.961672	0.96293	0.9941
CAV1	0.96217	0.978411	0.972618
LRRC36	0.955368	0.973779	0.992052
GPR78	0.96217	0.236707	0.663745
DGCR5	0.977924	0.989211	0.984004
DES	0.963847	0.986669	0.963205
FAM222A-AS1	0.958519	0.975312	0.998756
FEZF1	0.96217	0.46659	0.957236
AC092198.1	0.973727	0.973584	0.998564
LILRP2	0.954484	0.971298	0.992915
CPP	0.977967	0.99006	0.996592
HHIP	0.97433	0.981846	0.986958
IGLV7-43	0.974958	0.956081	0.972618
GABRQ	0.234402	0.187501	0.967982
GABRP	0.28038	0.255226	0.988079
KRT17	0.951054	0.117683	0.150025
KRT16	0.959202	0.255226	0.222079
KRT15	0.960804	0.973114	0.989092
KRT14	0.934303	0.596346	0.977023
PLA2G4A	0.963114	0.314083	0.392187
PLA2G4F	0.953915	0.99317	0.977659
CMTM2	0.997581	0.979987	0.975845
CMTM5	0.934303	0.596346	0.964547
COL11A1	0.59599	0.497855	0.185868
GNG4	0.989477	0.986409	0.997762
UGT3A2	0.26205	0.180947	0.011293
RASGEF1C	0.985731	0.979176	0.975863
ONECUT2	0.96217	0.989552	0.984152
ONECUT1	0.990038	0.46659	0.508401
MUC5AC	0.865215	0.299538	0.618793
IGHV1-67	0.950123	0.950254	0.998713
IGHV1-69	0.91496	0.997011	0.938395
CIDEC	0.984964	0.99951	0.958457
TSPAN18	0.961688	0.99612	0.994154
TPTE2	0.767433	0.965172	0.963573
IGHV4-39	0.951587	0.974221	0.972618
FCN3	0.961242	0.46659	0.508401
HSPB6	0.974075	0.963516	0.988459
HSPB3	0.96217	0.989552	0.984293
HCAR1	0.972828	0.972241	0.995966
SCGB1A1	0.956576	0.46659	0.508401
TCF21	0.963472	0.981846	0.508401
WIF1	0.958598	0.489603	0.972618
IGHJ3P	0.987247	0.993696	0.990695
IGKC	0.96217	0.989552	0.98597
RPS2P15	0.951584	0.95017	0.955268
BPIFA2	0.992821	0.977665	0.972618
BPIFA1	0.934303	0.351659	0.742958
TMEM156	0.96217	0.46659	0.978772
ARL14	0.998385	0.953192	0.987399
KIF4A	0.984863	0.510298	0.392187
WDR72	0.593662	0.5609	0.175856
TRIM67	0.977308	0.382975	0.566805
LINC00896	0.961565	0.983085	0.956034
MCF2	0.64897	0.978591	0.832334
CDO1	0.954891	0.989552	0.96086
ZWINT	0.372033	0.423837	0.992255
EGOT	0.970974	0.960942	0.975566
PRKG2	0.999546	0.957405	0.926883
CALML6	0.97756	0.985764	0.960466
LRRC37A9P	0.96465	0.97308	0.994234
AGRP	0.961505	0.989552	0.996896
RUFY4	0.436868	0.46659	0.976723
AGR2	0.966273	0.997463	0.995073
DNAJC22	0.934303	0.596346	0.990875
NTSR1	0.767433	0.382975	0.952427
KANK3	0.999609	0.989582	0.973203
USHBP1	0.767433	0.382975	0.952427
RPS18P13	0.969008	0.955248	0.993037
IGHV2-26	0.934303	0.994381	0.952427
ESCO2	0.682811	0.255226	0.972618
SCARNA21	0.986662	0.997936	0.967555
CDC25A	0.979702	0.95787	0.972618
PRAME	0.823491	0.465512	0.938395
SLC27A6	0.98969	0.803878	0.907769
AK4	0.99747	0.951076	0.955938
SLC24A2	0.593662	0.978722	0.79453
ITLN2	0.98287	0.99583	0.981368
ITLN1	0.89911	0.255226	0.114044
SLC7A11-AS1	0.992828	0.956388	0.996949
ANKRD36C	0.520151	0.986996	0.955431
LIMS2	0.520151	0.489603	0.983712
SUN3	0.967663	0.954456	0.981876
ACKR4	0.96217	0.46659	0.975097
GPER1	0.999023	0.977642	0.989198
PRRX2	0.995308	0.963106	0.972618
MIR31HG	0.958962	0.964317	0.956681
ABCA12	0.190916	0.962222	0.214534
RHBG	0.520151	0.489603	0.997491
COCH	0.28038	0.959479	0.270592
POU3F2	0.28038	0.972569	0.508401
TSACC	0.956383	0.981846	0.508401
SLC7A5	0.99885	0.956304	0.973371
PLOD2	0.682811	0.983755	0.663745
JPH3	0.346848	0.135021	0.952427
JPH4	0.682811	0.974056	0.957904
SLITRK2	0.194482	0.510699	0.642395
MYBPH	0.959124	0.656546	0.742958
GREB1L	0.987645	0.974722	0.988644
DCSTAMP	0.926214	0.823113	0.9699
FUT3	0.96217	0.236707	0.663745
FUT2	0.98534	0.987928	0.996654
GHR	0.64897	0.979936	0.832334
VTCN1	0.980881	0.998274	0.999404
APCDD1L	0.682811	0.255226	0.972618
PAFAH1B3	0.998168	0.972676	0.96548
STARD13	0.438172	0.985735	0.464824
MT1M	0.96217	0.989552	0.983165
MGAT3	0.957865	0.510298	0.392187
MMP7	0.156605	0.382975	0.988939
MMP3	0.959478	0.976487	0.663745
HHIPL2	0.764863	0.852597	0.967488
KIF26B	0.872846	0.987787	0.907769
ANKS4B	0.952056	0.981846	0.994082
IGKV3-7	0.28038	0.976357	0.270592
MIR3677	0.953496	0.996179	0.988009
FSTL4	0.28038	0.692277	0.083963
NUF2	0.865215	0.524163	0.926883
ANXA8L1	0.985083	0.989552	0.971401
C12orf42	0.959431	0.976487	0.984716
FGF11	0.981453	0.983242	0.965072
FGF10	0.548957	0.204306	0.79453
KCNJ10	0.089245	0.076008	0.978549
SLC6A4	0.979401	0.633344	0.952427
COL22A1	0.062294	0.692772	0.187213
WFDC10B	0.954163	0.956551	0.976801
RADIL	0.89911	0.255226	0.114044
SLCO5A1	0.732067	0.839049	0.971538
STRCP1	0.97016	0.979852	0.991464
SCARNA7	0.999659	0.998965	0.965443
GCM1	0.682811	0.633344	0.996661
SCARNA5	0.980722	0.95578	0.962491
VWC2	0.089245	0.960974	0.083963
IGLV3-27	0.520151	0.986327	0.971324
ITPKA	0.973887	0.989552	0.975259
UPK1B	0.972903	0.973806	0.986054
COL5A2	0.36496	0.772489	0.664487
COL5A1	0.003096	0.751708	0.01186
LAMP3	0.99085	0.981846	0.975221
DUSP5P1	0.959299	0.972719	0.988842
JSRP1	0.972498	0.960085	0.99458
TGM5	0.974012	0.969156	0.970628
ADM2	0.982043	0.99682	0.953759
NCAPH	0.823491	0.22832	0.566805
NCAPG	0.520151	0.656546	0.149229
TRPM8	0.975654	0.383796	0.312868
TRPM5	0.284425	0.117412	0.938395
BCAS1	0.425855	0.973666	0.409129
PABPC1L	0.934303	0.981846	0.952291
GALNT14	0.144836	0.402369	0.742958
CACNA2D2	0.96217	0.965896	0.972618
PTCRA	0.995384	0.976487	0.989718
TAS1R3	0.28038	0.967035	0.508401
GPC2	0.994011	0.255226	0.448101
RTN4RL2	0.99789	0.951798	0.995152
REEP6	0.960902	0.989552	0.971969
CECR7	0.981189	0.989552	0.979121
ANKRD7	0.993339	0.423837	0.24873
ANKRD1	0.213378	0.46659	0.938395
IGHV3-19	0.955371	0.972141	0.994895
IGHV3-15	0.96217	0.981947	0.972618
IGHV3-11	0.96217	0.989552	0.998249
IGHV3-13	0.213378	0.989552	0.566805
KCNH8	0.035468	0.188362	0.528105
SLC28A1	0.967238	0.633344	0.952427
MYCN	0.96359	0.964824	0.988457
PARPBP	0.954828	0.989831	0.998149
TK1	0.96217	0.96316	0.972618
KRT18P8	0.960791	0.957939	0.998549
CELSR3	0.472962	0.764064	0.215367
LRRC32	0.336419	0.632889	0.832334
SLC26A4-AS1	0.95921	0.994193	0.958715
CCDC169	0.975585	0.967753	0.984723
SNORA53	0.961626	0.99325	0.990358
LINC00337	0.9569	0.981576	0.982018
C4BPB	0.96217	0.992182	0.972618
PTPN5	0.26205	0.964777	0.150025
FOXO6	0.956156	0.989241	0.952343
CCNO	0.970386	0.989028	0.972618
NCKAP5	0.95335	0.976888	0.976603
KDELR3	0.992948	0.976785	0.979635
IGHV4-55	0.967238	0.971683	0.976028
PIF1	0.96704	0.980594	0.952427
TNXB	0.060326	0.473646	0.361311
LHB	0.972784	0.994025	0.972618
IGKV1-27	0.970781	0.633344	0.952427
ADRA1A	0.28038	0.255226	0.997479
NELL1	0.990069	0.943286	0.982024
SNORD3A	0.995189	0.956856	0.997638
KIF18B	0.436868	0.989552	0.952427
TGM1	0.522757	0.22832	0.952427
ALG1L5P	0.970813	0.979226	0.962962
PPP1R14BP2	0.978042	0.976569	0.994687
PPP1R14BP3	0.97998	0.994608	0.9781
ERCC6L	0.312556	0.972652	0.327085
GRIK2	0.268765	0.839049	0.127787
GRIK4	0.978283	0.756149	0.693399
GREM1	0.957322	0.956896	0.997911
PADI1	0.99511	0.997648	0.952416
PADI4	0.26205	0.964913	0.409129
ZPLD1	0.89911	0.203164	0.445054
ATP6V1C2	0.96217	0.974315	0.972618
CLEC1A	0.91496	0.984265	0.938395
ADAM28	0.91496	0.423837	0.79453
SLC19A3	0.98236	0.596346	0.270592
COL6A4P2	0.985799	0.954989	0.999318
COL6A4P1	0.951641	0.992663	0.957887
SBK1	0.950931	0.951745	0.964809
CDC20	0.957598	0.204306	0.24873
LINC00589	0.979458	0.952188	0.991354
ANGPTL7	0.989777	0.46659	0.508401
ANGPTL5	0.767433	0.382975	0.952427
ANGPTL3	0.934303	0.978547	0.448101
ANGPTL1	0.999061	0.960384	0.984952
MMP10	0.26205	0.74834	0.663745
MMP11	0.213378	0.46659	0.938395
MMP12	0.991971	0.989518	0.960839
MMP13	0.225409	0.423837	0.907769
MMP19	0.520151	0.656546	0.149229
KCNK12	0.973582	0.98018	0.991668
KCNK10	0.620878	0.692277	0.986242
TCN1	0.59605	0.961554	0.618793
ALG1L	0.96217	0.989552	0.991407
IL37	0.973457	0.596346	0.663745
IL33	0.213378	0.989552	0.566805
NKPD1	0.28038	0.255226	0.963192
CAMK2N2	0.98869	0.974283	0.997889
PLA2G1B	0.96217	0.989552	0.978504
IGHV4-34	0.520151	0.489603	0.950402
DNAH9	0.018701	0.187864	0.3534
GPR17	0.156605	0.995039	0.270592
CKAP2L	0.965501	0.972087	0.742958
IGKV2-26	0.959395	0.956358	0.987406
IGKV2-28	0.973312	0.989552	0.963979
IGKV2-29	0.950118	0.989161	0.963346
IGKJ5	0.986764	0.95392	0.972461
SNORA12	0.998186	0.95155	0.99916
MEIOB	0.436868	0.956961	0.448101
UCHL1	0.520151	0.975175	0.974028
LINC00624	0.973182	0.965284	0.976989
LINC00629	0.973395	0.9848	0.952428
STOML3	0.978233	0.980699	0.980606
SIGLEC11	0.993078	0.955609	0.938395
HMMR	0.312556	0.950072	0.327085
DCC	0.091797	0.422455	0.489689
IL17C	0.999704	0.99822	0.99737
CHRDL1	0.411044	0.314083	0.990229
AOC1	0.91496	0.265982	0.566536
IGHE	0.998302	0.986496	0.980106
LPO	0.987173	0.633344	0.952427
LPL	0.28038	0.255226	0.97598
JAM2	0.968839	0.98322	0.979838
KIF14	0.995845	0.314083	0.392187
KIF15	0.962522	0.97802	0.962966
KIF17	0.09724	0.951999	0.150025
KIF11	0.994196	0.967987	0.952427
LINC00862	0.951871	0.950678	0.986273
ASCL1	0.96217	0.959784	0.972618
LINC00866	0.952386	0.989525	0.961008
IGF2BP3	0.934303	0.204306	0.500415
CD101	0.934303	0.981846	0.959139
NLRP11	0.861393	0.998254	0.899419
SGK2	0.312556	0.981846	0.618793
TRIM71	0.767433	0.137885	0.448101
GPD1	0.978231	0.995357	0.972618
NEFL	0.979856	0.986022	0.970687
NEFH	0.682811	0.957861	0.663745
SLC28A2	0.91496	0.988162	0.566805
NRG3	0.984306	0.314188	0.285864
PSAT1	0.213378	0.989178	0.222079
OTX1	0.989153	0.489603	0.972618
IGHV6-1	0.934303	0.981846	0.986146
SHISA8	0.963084	0.999274	0.98146
HMGA2	0.993947	0.46659	0.508401
HMGA1	0.985964	0.997906	0.993698
GGT4P	0.998793	0.982654	0.985806
IQSEC3	0.985481	0.964777	0.962401
DCST2	0.425855	0.382975	0.983905
DCST1	0.96463	0.971601	0.959027
NPC1L1	0.635215	0.716168	0.964967
CD93	0.346848	0.524163	0.969809
RGS7	0.984813	0.976019	0.993337
STK32A	0.984699	0.952793	0.97573
IGKV2OR22-3	0.983633	0.988477	0.999264
IGKV2OR22-4	0.985171	0.969021	0.986749
MYO18B	0.996047	0.943286	0.982024
PITX2	0.977811	0.633344	0.566805
PITX1	0.436868	0.989552	0.952427
MMRN2	0.59605	0.991259	0.618793
MMRN1	0.285644	0.965114	0.257205
IGLON5	0.934303	0.981846	0.978198
CD36	0.520151	0.991641	0.508401
OR52K3P	0.972677	0.992782	0.98288
ACADL	0.959522	0.960651	0.952427
ADAMTS14	0.840628	0.236306	0.110474
ADAMTS16	0.526735	0.567837	0.950991
FCGR3B	0.682811	0.972087	0.409129
TDRD1	0.077955	0.656546	0.314354
RBP2	0.520151	0.980898	0.950482
RBP4	0.966614	0.972737	0.968726
RHOV	0.960316	0.951561	0.957263
RASGRF1	0.548957	0.981846	0.938395
HIGD1B	0.970674	0.98297	0.976788
IGHV4-61	0.994492	0.489603	0.448101
NPR1	0.09724	0.56864	0.409129
TMEM184A	0.96217	0.46659	0.998866
HOXB8	0.957683	0.236707	0.270592
HOXB9	0.980243	0.966703	0.978845
HOXB7	0.96217	0.993282	0.972618
SPDEF	0.96217	0.988335	0.972618
GYG2	0.984208	0.999583	0.972482
UBE2Q1-AS1	0.95025	0.953108	0.960734
TWIST1	0.950215	0.993035	0.964174
EN2	0.972707	0.989552	0.97368
CYP4B1	0.682811	0.953848	0.663745
COL25A1	0.472962	0.171864	0.026448
SMCO2	0.974155	0.987819	0.968058
IGHA2	0.934303	0.596346	0.950157
ST8SIA6	0.926214	0.117412	0.240234
ST8SIA2	0.999101	0.972087	0.742958
BTBD16	0.28038	0.969443	0.508401
MAST1	0.225767	0.18895	0.965748
IL23A	0.961568	0.97788	0.951618
TOP2A	0.979506	0.962535	0.990549
SGCG	0.934303	0.956979	0.448101
SGCA	0.973995	0.596346	0.663745
NPW	0.990116	0.993588	0.99312
EMCN	0.520151	0.96757	0.966177
LHX2	0.520151	0.489603	0.96172
VEGFD	0.994252	0.993486	0.970134
COL2A1	0.99413	0.961581	0.988057
EGLN3	0.96217	0.124453	0.409129
ADCYAP1R1	0.885294	0.976343	0.916835
IGLV5-37	0.969483	0.989552	0.960557
DPP10	0.472256	0.961581	0.690425
CENPK	0.520151	0.489603	0.953148
CENPI	0.682811	0.972087	0.409129
CENPF	0.027144	0.109246	0.658914
CENPE	0.643725	0.984834	0.677271
CENPA	0.985592	0.966249	0.961268
UCA1	0.953713	0.997516	0.973154
IGHV3OR16-13	0.954171	0.96386	0.983848
IGHV3OR16-11	0.95414	0.962555	0.983078
GREB1	0.981505	0.402369	0.314354
ARSH	0.953303	0.995298	0.958916
KRTAP5-1	0.425855	0.382975	0.995954
PRR5-ARHGAP8	0.982218	0.954958	0.952992
EZH2	0.97549	0.958498	0.97097
NR4A3	0.952845	0.963203	0.957456
AC020907.1	0.951043	0.981765	0.95881
LINC00943	0.96806	0.991312	0.995699
CDK5R2	0.950645	0.976317	0.992055
EPHB2	0.26205	0.74834	0.663745
MELK	0.967044	0.992987	0.95696
RASIP1	0.425855	0.997636	0.663745
SH3GL3	0.767433	0.382975	0.952427
SH3GL2	0.987754	0.137885	0.222079
SULT1C4	0.96217	0.975876	0.972618
GPA33	0.682811	0.473646	0.150025
INA	0.99936	0.981846	0.508401
SPAG5	0.520151	0.656546	0.149229
RN7SKP97	0.972465	0.967324	0.991251
TMEM132C	0.96217	0.982488	0.972618
TENM1	0.557191	0.798354	0.872191
GAD1	0.95354	0.981846	0.96426
ODF3L1	0.98584	0.992913	0.994014
STEAP1	0.956042	0.958259	0.9865
ARHGEF26	0.973091	0.981846	0.95063
SPTSSB	0.96217	0.98417	0.972618
IGLV4-60	0.436868	0.989552	0.952427
IGLV4-69	0.992873	0.989552	0.966521
IGKJ1	0.988109	0.957589	0.95358
IGKJ3	0.967411	0.9917	0.980982
IGKJ4	0.961248	0.955395	0.990829
RXRG	0.823491	0.74834	0.954281
IGHV3-20	0.682811	0.968392	0.953119
IGHV3-21	0.988883	0.961884	0.982174
IGHV3-22	0.986326	0.997539	0.993326
IGHV3-23	0.996596	0.489603	0.972618
IGLVI-70	0.992841	0.956411	0.984041
ABCA4	0.346848	0.524163	0.966089
ABCA3	0.971908	0.977639	0.983391
SCN8A	0.336419	0.986756	0.445054
NMUR1	0.089245	0.465512	0.508401
IGHV7-27	0.971396	0.983149	0.963486
DERL3	0.96217	0.95017	0.972618
DPEP2	0.982675	0.976487	0.663745
IGLC6	0.95137	0.963355	0.998065
IGLC7	0.969805	0.973263	0.9874
IGLC2	0.974924	0.989552	0.998203
IGLC3	0.96217	0.46659	0.983704
NDC80	0.213378	0.46659	0.938395
WDR86	0.985977	0.489603	0.972618
SFTPD	0.96217	0.971359	0.972618
DUXAP8	0.954989	0.981043	0.988613
DUXAP9	0.959639	0.988877	0.971756
FAM110D	0.95264	0.959397	0.957119
SPTB	0.620878	0.203164	0.658914
CORO2B	0.682811	0.977925	0.663745
CHRNB4	0.436868	0.036254	0.328148
HBEGF	0.979829	0.965203	0.98206
PODNL1	0.986086	0.95178	0.999074
ACY3	0.520151	0.968973	0.508401
BDNF	0.995371	0.992364	0.958722
ETV4	0.961688	0.955901	0.989791
IGHV3OR15-7	0.99515	0.978955	0.969483
TCEAL2	0.98401	0.981846	0.983279
LHFPL3-AS2	0.989665	0.950726	0.99215
SPN	0.520151	0.489603	0.973096
SP5	0.967834	0.98934	0.967421
OVCH2	0.682811	0.972784	0.967724
OVCH1	0.438303	0.906969	0.642395
GAP43	0.156605	0.990923	0.270592
CYP27B1	0.436868	0.46659	0.967031
THSD1	0.522757	0.951414	0.742958
SNORA73B	0.970735	0.994269	0.955368
ATP1A2	0.926214	0.603934	0.907769
KISS1R	0.972356	0.989552	0.983882
GPT2	0.999233	0.969332	0.960769
IGKV3D-20	0.160025	0.299538	0.982435
ALOX12P2	0.968493	0.974871	0.982831
RAC3	0.96673	0.976581	0.963657
CPLX2	0.971667	0.982595	0.981581
CLEC14A	0.346848	0.779846	0.742958
NPTX2	0.967005	0.423837	0.500415
LGALS4	0.962806	0.981846	0.982243
NMU	0.987512	0.991941	0.955152
PRDM12	0.959951	0.957497	0.972618
SPC25	0.988448	0.956551	0.972618
IGLV2-33	0.983177	0.975133	0.956154
FAM155B	0.682811	0.972087	0.409129
PTBP1P	0.99531	0.991831	0.972128
NOVA2	0.958537	0.236707	0.270592
VSX1	0.950694	0.596346	0.270592
DIO2	0.635215	0.703942	0.240234
ATOH7	0.96217	0.986995	0.972618
BHMT2	0.96759	0.489603	0.448101
FAM216B	0.436868	0.974493	0.448101
B3GNT4	0.934303	0.97683	0.448101
B3GNT3	0.934303	0.981846	0.953971
FAM189A2	0.96217	0.989552	0.988616
FAM189A1	0.986056	0.967101	0.968509
KRT79	0.823491	0.74834	0.953494
KRT78	0.682811	0.255226	0.972618
LBX2	0.984514	0.956338	0.980852
SIX2	0.963337	0.997942	0.982927
CRYGN	0.213378	0.974301	0.222079
NMNAT2	0.26205	0.22832	0.991302
NCCRP1	0.970415	0.953359	0.963511
FAM72D	0.969713	0.968458	0.997713
FAM72C	0.951971	0.95534	0.961267
FAM72B	0.973756	0.975414	0.965694
GPRIN1	0.522757	0.465512	0.976349
SLC44A5	0.382678	0.852597	0.658914
MSI1	0.980996	0.980978	0.972329
SHOX2	0.992563	0.972087	0.974478
HBB	0.28038	0.963022	0.270592
MUC20	0.996444	0.973054	0.960584
MUC21	0.988475	0.968632	0.952427
TPX2	0.59605	0.423837	0.987837
MFAP3L	0.934303	0.596346	0.982843
SPINK13	0.96217	0.997095	0.972618
ZNF887P	0.99695	0.979081	0.986699
ABI3BP	0.438172	0.237201	0.907406
LEMD1	0.96217	0.958696	0.972618
LGR4	0.372033	0.991395	0.185814
S100A3	0.952717	0.951169	0.983304
S100A2	0.987089	0.970316	0.960351
LRRIQ4	0.96217	0.236707	0.663745
ZNF695	0.09724	0.356203	0.663745
PGAM1P7	0.957279	0.96356	0.958711
IGKV1OR2-3	0.997269	0.976608	0.978784
IGKV1OR2-6	0.982119	0.953173	0.965573
DLL3	0.682811	0.633344	0.96592
LGI2	0.823491	0.998767	0.79453
LGI3	0.548957	0.994898	0.566805
LINC00160	0.996994	0.962738	0.973069
KIF2C	0.767433	0.382975	0.952427
KIF23	0.213378	0.989552	0.566805
TFR2	0.312556	0.953577	0.114044
WNT3A	0.107993	0.46659	0.618793
IGKV2D-40	0.955365	0.982363	0.977836
TMEM88	0.98361	0.962486	0.965399
PLK1	0.971576	0.596346	0.663745
PLK4	0.954051	0.978421	0.938395
POLQ	0.633944	0.874713	0.925599
IGLV6-57	0.955173	0.991571	0.954202
SMC1B	0.981005	0.999548	0.950512
IVL	0.133652	0.958409	0.058515
PHYHIPL	0.28038	0.971381	0.508401
PRSS35	0.823491	0.076008	0.222079
ACVRL1	0.26205	0.96664	0.24873
HEPACAM2	0.767433	0.968246	0.500415
CCNE1	0.934303	0.981846	0.990902
IGHV3OR16-9	0.981503	0.957016	0.985998
VIL1	0.682811	0.692277	0.24873
CPB2	0.28038	0.965626	0.508401
CCM2L	0.96217	0.95666	0.972618
SYNGR3	0.978053	0.976988	0.960524
SYNGR4	0.952358	0.489603	0.972618
ARNTL2	0.91496	0.656546	0.986193
SHCBP1	0.213378	0.989552	0.566805
PSCA	0.96217	0.967922	0.972618
PAEP	0.988525	0.46659	0.508401
KCNE4	0.934303	0.953366	0.448101
PRAM1	0.970407	0.972279	0.952427
SYNDIG1L	0.965786	0.976487	0.663745
IL36RN	0.520151	0.954403	0.508401
UMODL1	0.593662	0.524163	0.979173
PCMTD1P3	0.991275	0.951835	0.981463
BCHE	0.600859	0.986039	0.561705
IGHV2-5	0.986661	0.978496	0.954867
VSIG4	0.958507	0.981846	0.993038
CIT	0.694074	0.046542	0.185814
KCNIP1	0.994556	0.968591	0.990802
MOGAT2	0.973937	0.204306	0.083963
FTCD	0.089245	0.465512	0.508401
IGHV4-59	0.997492	0.962172	0.983662
SPP1	0.982339	0.956313	0.973227
RAB26	0.985128	0.962145	0.975363
GLRA3	0.59605	0.958514	0.618793
NQO1	0.959748	0.978284	0.966741
ZIC2	0.978167	0.993907	0.969496
IGKV1OR22-1	0.978362	0.956673	0.996877
IGKV1OR22-5	0.966372	0.996484	0.989099
LCN12	0.990763	0.954398	0.953858
TNS1	0.823491	0.991596	0.79453
TNS4	0.989099	0.962701	0.952427
FOXB1	0.96217	0.989552	0.983419
OLR1	0.987409	0.999051	0.969894
THPO	0.682811	0.961832	0.960871
IGF2BP1	0.823491	0.975836	0.955233
MROH2A	0.980714	0.951509	0.957891
IGKV1-33	0.934303	0.957809	0.952427
TMEM74	0.972027	0.976487	0.663745
IGKV6D-21	0.436868	0.46659	0.981397
C9orf24	0.28038	0.255226	0.959204
VIPR1	0.976125	0.46659	0.508401
TDRD5	0.974703	0.510298	0.617624
KIF20A	0.91496	0.989349	0.938395
MKI67	0.382678	0.999325	0.489689
LEMD1-AS1	0.992807	0.979044	0.984724
BUB1B	0.26205	0.465512	0.95106
GUCY2C	0.974636	0.977516	0.938395
WTAPP1	0.999649	0.969747	0.990704
CNFN	0.952228	0.984912	0.954519
ADAMTSL3	0.813079	0.287321	0.556074
HAS1	0.934303	0.975817	0.952427
CYP4F11	0.28038	0.972087	0.149229
ROBO4	0.89911	0.128797	0.312868
FGFR4	0.213378	0.036254	0.566536
CXCL2	0.993615	0.989552	0.982906
GCKR	0.934303	0.981846	0.999098
UBE2C	0.96217	0.998984	0.972618
UBE2T	0.96217	0.968962	0.972618
RPLP0P2	0.959619	0.998869	0.980186
BIRC5	0.968504	0.984135	0.972618
AC092535.3	0.963811	0.964188	0.975209
STRA6	0.548957	0.980337	0.566805
SUSD2	0.28038	0.977303	0.508401
SLC5A12	0.09724	0.958592	0.053815
ANKRD34B	0.548957	0.981846	0.938395
UNC45B	0.593662	0.5609	0.175856
ESPN	0.984966	0.986299	0.987327
IGKV1D-39	0.959704	0.984818	0.95217
IGKV1D-33	0.992814	0.981846	0.508401
ARHGEF15	0.91496	0.999882	0.938395
SLC39A8	0.520151	0.489603	0.993367
SLC39A5	0.95974	0.986627	0.976705
RET	0.284425	0.402369	0.978808
TMEM63C	0.28038	0.633344	0.985216
CA9	0.951837	0.976487	0.964259
CA3	0.160025	0.299538	0.98165
OGN	0.973487	0.489603	0.972618
IGHV3-79	0.991899	0.960529	0.960674
IGHV3-73	0.969485	0.957677	0.994873
IGHV3-71	0.996571	0.981112	0.96183
IGHV3-75	0.997227	0.951421	0.969883
IGHV3-74	0.966964	0.963053	0.952523
SEMA5A	0.648992	0.974384	0.544538
TMEM132A	0.979794	0.976113	0.957
PECAM1	0.999499	0.956642	0.967325
GIMAP8	0.953586	0.976555	0.956536
GIMAP6	0.91496	0.163526	0.392187
GIMAP1	0.767433	0.966555	0.978082
IGKV1OR2-108	0.998153	0.950969	0.965221
TAL1	0.985022	0.984181	0.960995
CCDC85A	0.980892	0.703942	0.618793
MYCT1	0.975633	0.964461	0.952427
PNCK	0.436868	0.989552	0.952427
PLXNB3	0.872846	0.993605	0.907769
FSD1	0.225767	0.079427	0.952427
ARHGAP11A	0.620878	0.976577	0.391239
MFAP4	0.520151	0.996635	0.986916
GYPE	0.953217	0.961351	0.980607
TNFSF11	0.962776	0.489603	0.972618
DIRAS1	0.986551	0.988848	0.955932
ASPA	0.520151	0.992694	0.954511
WNK2	0.09724	0.356203	0.663745
FABP7	0.974024	0.950202	0.960804
FABP4	0.987951	0.46659	0.508401
AKR1C1	0.99175	0.978653	0.972618
IGLV3-10	0.436868	0.990764	0.448101
IGLV3-12	0.96217	0.958201	0.972618
IGLV3-16	0.96217	0.989552	0.999372
IGLV3-19	0.990289	0.984944	0.961168
GRIA1	0.160025	0.779846	0.409129
IGKV1OR2-11	0.957165	0.988507	0.987494
TLX2	0.998432	0.984936	0.995467
ADH1B	0.984068	0.961573	0.952427
SLC30A2	0.996787	0.988285	0.964024
RSPO2	0.99275	0.656546	0.409129
RSPO1	0.986782	0.9558	0.995669
IGKV3D-11	0.952664	0.703942	0.938395
IGKV3D-15	0.28038	0.964395	0.270592
CDC37P2	0.995685	0.997781	0.994604
TUBB1	0.963346	0.981846	0.974834
OLFM4	0.333678	0.987334	0.361311
EFNA4	0.971592	0.959202	0.967455
EFNA3	0.96217	0.989175	0.972618
EFNA2	0.957324	0.976484	0.958102
HELLPAR	0.956303	0.974716	0.951977
TFPI2	0.934303	0.952102	0.448101
RNF103-CHMP3	0.967903	0.955806	0.981934
CHGB	0.969162	0.963676	0.979491
RN7SKP173	0.958507	0.968901	0.951741
FOLR3	0.682811	0.255226	0.972618
PALMD	0.978368	0.989552	0.993566
CBLC	0.96217	0.989552	0.965487
PTTG1	0.98615	0.953487	0.982009
CDC45	0.972779	0.46659	0.508401
GFAP	0.980846	0.382975	0.566805
STEAP1B	0.28038	0.255226	0.97917
CD300C	0.951692	0.955051	0.974751
EPHX3	0.96217	0.989552	0.979328
EPHX4	0.682811	0.633344	0.951445
ARHGAP31	0.26205	0.98431	0.409129
LYVE1	0.520151	0.489603	0.954316
CACNA1I	0.95009	0.632889	0.899419
CACNA1B	0.347302	0.883971	0.561705
CACNA1E	0.850399	0.568505	0.368591
BMP8A	0.96217	0.998134	0.972618
SLC15A1	0.548957	0.204306	0.79453
IGLV1-40	0.520151	0.489603	0.9539
IGLV1-41	0.950494	0.98563	0.98523
IGLV1-44	0.958363	0.981846	0.508401
IGLV1-47	0.956455	0.979008	0.96999
CASP1P2	0.990597	0.9731	0.981342
PAX9	0.990468	0.970953	0.972618
DSG3	0.123405	0.594272	0.423792
IMPDH1P8	0.963859	0.967747	0.990236
C2orf91	0.989988	0.989305	0.970016
HBA1	0.98129	0.978947	0.980118
MUC5B	0.409994	0.144589	0.017303
HBA2	0.983353	0.985695	0.956768
FFAR4	0.548957	0.966717	0.222079
NUP210L	0.865215	0.996135	0.832334
OVOL1	0.973893	0.997011	0.976289
CCDC141	0.234402	0.015835	0.327085
RAET1K	0.959551	0.998231	0.961784
TUBB4A	0.522757	0.733304	0.211029
CCBE1	0.988764	0.965183	0.996177
ST8SIA6-AS1	0.998862	0.955431	0.965394
GJB3	0.963598	0.95118	0.977861
GJB2	0.975037	0.989552	0.97087
GJB5	0.213378	0.46659	0.938395
GJB6	0.987302	0.989552	0.993475
FOXI3	0.981778	0.964834	0.98925
SLIT3	0.95009	0.839049	0.969306
SLIT2	0.582098	0.906969	0.810812
CDKN2A	0.885294	0.968246	0.950152
GPIHBP1	0.954687	0.124453	0.149229
NME1	0.975449	0.952845	0.965465
FREM3	0.998468	0.99202	0.96839
CYP4F3	0.823491	0.74834	0.984073
VSTM2L	0.957658	0.974122	0.966896
GSTM5	0.996813	0.236707	0.270592
CPT1B	0.96217	0.46659	0.992893
MCM4	0.965932	0.968246	0.79453
DUSP13	0.962335	0.963128	0.950382
OPRD1	0.520151	0.489603	0.989445
PKMYT1	0.993356	0.967823	0.978621
TF	0.593662	0.975776	0.79453
ANKRD18B	0.99961	0.967928	0.991671
ANKRD18A	0.96217	0.971633	0.972618
SH2D5	0.96928	0.204306	0.083963
SH2D6	0.967947	0.972444	0.966037
SLC25A48	0.960587	0.991858	0.992272
ADTRP	0.994992	0.972978	0.960155
MNX1	0.520151	0.656546	0.149229
P4HA3	0.436868	0.989552	0.952427
IL5RA	0.767433	0.703942	0.978367
STRIP2	0.986572	0.963841	0.952427
PEAR1	0.160025	0.971586	0.150025
VEPH1	0.767433	0.703942	0.97722
PROC	0.91496	0.96081	0.938395
MYBPC1	0.643725	0.966268	0.677271
TBX15	0.057718	0.313815	0.500415
CCNB2	0.952569	0.950915	0.9724
CCNB1	0.96217	0.989552	0.952735
FEZF1-AS1	0.951844	0.970849	0.969397
DDN	0.89911	0.988485	0.618793
ERN2	0.16437	0.965845	0.085407
RIMBP2	0.168072	0.993974	0.187548
IGKV6-21	0.107993	0.236707	0.926883
ECEL1	0.971494	0.989161	0.976419
TERT	0.436868	0.46659	0.953198
SYNPO2L	0.958704	0.967582	0.969982
PKD1L2	0.957634	0.473646	0.328148
PNMA3	0.958142	0.979543	0.968349
PNMA5	0.520151	0.656546	0.149229
PCOLCE2	0.767433	0.703942	0.966789
CNTNAP2	0.557191	0.98444	0.502258
DPEP1	0.59605	0.988272	0.327085
MAP7D2	0.548957	0.596346	0.985453
HORMAD1	0.934303	0.951585	0.952427
OR2B6	0.934303	0.351659	0.742958
GABBR2	0.620878	0.980484	0.391239
SSTR1	0.59605	0.976487	0.926883
SOX11	0.548957	0.981846	0.938395
SOX17	0.961672	0.959653	0.953488
HES6	0.96217	0.952248	0.972618
IGHV1-58	0.961339	0.961393	0.959143
PPFIA4	0.160025	0.135021	0.962752
TM4SF4	0.96217	0.989552	0.993626
HGD	0.964352	0.981068	0.968645
CILP	0.951419	0.473646	0.566536
PKP1	0.98746	0.265982	0.328148
METTL7B	0.95267	0.97406	0.973091
OACYLP	0.969678	0.999719	0.958414
TNNI3	0.682811	0.633344	0.963915
FOXA3	0.96217	0.236707	0.663745
LBP	0.156605	0.382975	0.95855
INSM1	0.28038	0.983443	0.508401
GAL	0.97053	0.958223	0.967237
LINC00887	0.997332	0.953846	0.954196
PDIA2	0.520151	0.991205	0.508401
DACH1	0.082327	0.124334	0.980779
MUC2	0.992824	0.345737	0.251856
MUC6	0.415715	0.955194	0.566536
MUC4	0.09724	0.983295	0.150025
ADRB2	0.962092	0.951772	0.972618
DNASE1L3	0.993263	0.981846	0.971928
HPDL	0.436868	0.998813	0.448101
CTHRC1	0.952482	0.983309	0.951405
UCN2	0.98948	0.964104	0.978103
TRIM10	0.981495	0.265982	0.150025
TRIM17	0.520151	0.97795	0.508401
AKR1C2	0.520151	0.96161	0.508401
AKR1C3	0.971465	0.981846	0.999337
NXPH3	0.984297	0.987759	0.984473
NXPH4	0.96217	0.989552	0.964531
ELAVL2	0.984909	0.473646	0.328148
CAMP	0.962897	0.982815	0.990065
C1orf220	0.971119	0.974487	0.969464
LYPD6B	0.436868	0.989552	0.952427
AC024940.1	0.951523	0.984462	0.970965
XDH	0.593662	0.998666	0.79453
PPBP	0.96217	0.989552	0.980421
DDIT4L	0.993868	0.992109	0.968636
SLC16A14	0.436868	0.989552	0.952427
SPINK1	0.965368	0.958285	0.975256
HAVCR1	0.425855	0.969653	0.663745
IL22RA2	0.934303	0.981846	0.992027
PTGES	0.992929	0.984248	0.985085
ANKRD29	0.992888	0.990996	0.973345
SOHLH2	0.966952	0.633344	0.952427
CA4	0.988678	0.124453	0.149229
UHRF1	0.983884	0.964732	0.9654
CELF5	0.967524	0.996056	0.972618
CELF3	0.548957	0.958105	0.222079
PTX3	0.436868	0.954193	0.448101
RAI2	0.682811	0.692277	0.24873
RSPO4	0.991717	0.46659	0.508401
EXO1	0.885294	0.960545	0.647682
AGMAT	0.996422	0.981846	0.508401
EPAS1	0.990053	0.042419	0.059739
ALOX15	0.968316	0.957132	0.974639
SEMA6D	0.077438	0.095012	0.993866
SEMA6A	0.986344	0.716168	0.832334
ASF1B	0.96217	0.989552	0.986896
IGHV4-80	0.981778	0.964846	0.968589
DUXAP10	0.958577	0.958267	0.972195
IGHV7-81	0.962721	0.981846	0.95262
SLC25A5P5	0.988325	0.971107	0.99786
OGDHL	0.961108	0.998598	0.966971
PI16	0.991439	0.975819	0.952427
MCIDAS	0.995975	0.990562	0.98977
RXFP1	0.144836	0.823113	0.328148
SOX21-AS1	0.963934	0.999621	0.981574
HGFAC	0.767433	0.703942	0.978357
TMPRSS4	0.996118	0.980994	0.972618
FAM83B	0.819505	0.696395	0.994967
FAM83A	0.96217	0.236707	0.663745
FAM83D	0.425855	0.382975	0.973508
NEK2	0.97708	0.981343	0.963682
SCG5	0.970631	0.966664	0.993794
IGHV1-24	0.213378	0.950411	0.222079
COLEC10	0.974815	0.963494	0.976615
AKAP14	0.990968	0.95425	0.95038
AKR7L	0.984937	0.994944	0.989902
ALG1L2	0.993144	0.965788	0.988725
PTPN21	0.96217	0.46659	0.990367
ADAMTS1	0.190958	0.277624	0.990325
ADAMTS8	0.548957	0.96016	0.222079
CDH5	0.058874	0.013488	0.972618
NETO1	0.850706	0.982732	0.891616
CILP2	0.872846	0.465512	0.240234
FGD5	0.521619	0.839049	0.862063
SLC5A9	0.682811	0.986066	0.955642
CARD14	0.980484	0.633344	0.952427
SLC6A3	0.520151	0.976487	0.270592
C12orf56	0.951954	0.966848	0.997255
GRM4	0.823491	0.74834	0.95114
IGLV3-21	0.954138	0.984105	0.972618
IGLV3-25	0.976533	0.989552	0.958162
EPN3	0.96217	0.989709	0.972618
FGF20	0.953398	0.964539	0.988031
YWHAEP7	0.993852	0.9906	0.958966
ECT2	0.959584	0.983321	0.950338
NECAB1	0.972818	0.98201	0.953165
PVT1	0.964448	0.964045	0.980034
SPOCK1	0.89911	0.952223	0.926883
SPOCK2	0.96217	0.989552	0.984175
SLC5A5	0.998653	0.962962	0.983141
GRHL3	0.96681	0.974968	0.986555
GCLC	0.160025	0.524163	0.663745
ALB	0.26205	0.22832	0.955472
LILRA5	0.995891	0.993718	0.994838
AK4P1	0.994372	0.979039	0.993517
KIRREL2	0.950584	0.964777	0.832334
TGFBR3	0.521619	0.153735	0.647682
SRMS	0.59605	0.976487	0.926883
MLLT11	0.956291	0.968242	0.99809
LINC00519	0.996264	0.985186	0.982073
LINC00511	0.994977	0.983992	0.987172
SOX7	0.425855	0.976959	0.409129
INHBE	0.974037	0.981846	0.508401
TSHR	0.977744	0.299538	0.240234
SH2D3C	0.522757	0.74834	0.963827
CDA	0.520151	0.489603	0.979256
ABCC2	0.767433	0.716168	0.328148
ABCC3	0.98237	0.972087	0.742958
IGHV1OR21-1	0.983862	0.961581	0.960278
ENPP3	0.865215	0.135021	0.327085
UPK3B	0.966482	0.969253	0.986902
UPK3A	0.520151	0.963987	0.95417
TMPRSS11E	0.9671	0.958843	0.988964
COX4I2	0.989684	0.981316	0.954896
TMEM212	0.99843	0.998573	0.974247
MCM10	0.411044	0.972099	0.434212
IGFBPL1	0.520151	0.954457	0.960525
SIX1	0.965986	0.981846	0.508401
CFHR3	0.225767	0.18895	0.994587
TMEM145	0.993109	0.98375	0.952676
RTKN2	0.213378	0.989552	0.566805
FER1L4	0.955394	0.990687	0.96941
SMOC1	0.415715	0.18895	0.938395
MYBL2	0.91496	0.976487	0.976301
TTC3-AS1	0.989381	0.969712	0.957633
HABP2	0.988223	0.9559	0.977608
NDRG4	0.520151	0.992677	0.508401
HMGB2P1	0.97362	0.990278	0.992748
TTYH1	0.548957	0.596346	0.96554
IGKV1-39	0.972197	0.99807	0.989031
HNF4G	0.91496	0.963742	0.938395
HNF4A	0.415715	0.985186	0.566536
HELLS	0.975059	0.966254	0.981818
FSIP2	0.225835	0.273039	0.979862
IGHV5-51	0.95545	0.976487	0.663745
ANGPT1	0.960733	0.656546	0.742958
ANGPT4	0.058874	0.117412	0.970034
IGLV2-14	0.959077	0.46659	0.508401
IGLV2-18	0.96217	0.236707	0.663745
SCARA5	0.213378	0.066761	0.79453
USH1C	0.954324	0.538495	0.445054
KBTBD12	0.520151	0.999867	0.508401
FPR2	0.950063	0.978212	0.96017
IGKV1-5	0.954735	0.473646	0.566536
IGKV1-6	0.682811	0.255226	0.972618
IGKV1-8	0.089245	0.22832	0.995754
IGKV1-9	0.156605	0.703942	0.508401
FRMD5	0.963918	0.989552	0.956269
PKNOX2	0.970027	0.465512	0.618793
FRMD3	0.955361	0.965645	0.98005
PRX	0.934303	0.981846	0.989707
SPDYE3	0.950113	0.236707	0.270592
TMEM59L	0.995461	0.989275	0.955741
NKX3-2	0.28038	0.987131	0.508401
CPNE7	0.425855	0.703942	0.977188
CPNE4	0.988966	0.299538	0.240234
DNMT3B	0.970211	0.972087	0.987013
ESPL1	0.682811	0.994349	0.663745
SULT4A1	0.520151	0.95865	0.508401
C20orf202	0.996662	0.968575	0.973324
COL10A1	0.975966	0.117683	0.150025
CHKB-CPT1B	0.977314	0.989433	0.975708
RS1	0.962275	0.987186	0.971575
E2F7	0.472962	0.046542	0.327085
E2F2	0.682811	0.633344	0.984429
E2F8	0.957016	0.97952	0.963977
SNORA22	0.987051	0.973454	0.971518
PYCR1	0.96217	0.979027	0.972618
IL36G	0.156605	0.970847	0.270592
LIPN	0.520151	0.981369	0.956342
CD300LG	0.682811	0.977391	0.96097
FEZ1	0.957273	0.976487	0.964542
ZG16B	0.999692	0.978363	0.964451
FOXD1	0.970397	0.989552	0.971079
C11orf91	0.962889	0.951793	0.977044
WDR38	0.934303	0.961329	0.952427
ASPHD1	0.107993	0.46659	0.618793
ACHE	0.934303	0.971908	0.448101
PRB3	0.953553	0.137885	0.222079
GDA	0.962213	0.963212	0.926883
PTPRQ	0.97254	0.970853	0.980772
PTPRB	0.49133	0.171864	0.664487
PTPRN	0.885294	0.100865	0.252005
PTPRH	0.075075	0.510298	0.378603
SAA2	0.985517	0.969501	0.961977
LINC00857	0.995091	0.986561	0.982099
AUNIP	0.991012	0.980798	0.952765
CDC6	0.934303	0.970022	0.448101
FGF2	0.966212	0.952841	0.956248
LTBP4	0.682811	0.99635	0.968664
ECEL1P2	0.97237	0.97936	0.973708
SLC25A10	0.960458	0.97464	0.958752
VIT	0.160025	0.982827	0.24873
TMEM88B	0.964264	0.987684	0.995126
COX6B2	0.966187	0.981828	0.976361
CLDN9	0.952508	0.993749	0.988308
CLDN5	0.964492	0.970568	0.988318
CLDN6	0.974886	0.965575	0.994796
LGALS7B	0.970018	0.957387	0.998706
SNX22	0.953298	0.964318	0.968343
PANX2	0.967258	0.964396	0.991849
ZBTB16	0.213378	0.066761	0.79453
C1orf158	0.953231	0.987322	0.99541
LINC00460	0.970336	0.980987	0.970833
ACMSD	0.981102	0.971739	0.975335
CRLF1	0.973216	0.656546	0.409129
TNFRSF18	0.974522	0.989552	0.959935
CHODL	0.99044	0.976487	0.979905
CLEC3B	0.96217	0.979016	0.972618
AMBP	0.934303	0.981846	0.996481
CYP2F1	0.951856	0.989552	0.988761
VWFP1	0.994128	0.976818	0.961157
MIR4653	0.972227	0.970541	0.979963
IGKV2D-30	0.957042	0.117683	0.150025
MEG8	0.974497	0.992508	0.974272
IL31RA	0.620878	0.972087	0.916835
IGLV9-49	0.436868	0.976906	0.448101
CALCA	0.225409	0.489603	0.031669
CALCB	0.968015	0.46659	0.508401
IGLV2-8	0.990462	0.988292	0.952807
CKM	0.96413	0.981846	0.508401
IGLV2-5	0.963115	0.991037	0.975842
ARHGAP6	0.898477	0.803878	0.956253
ANXA10	0.436868	0.951969	0.448101
CD79A	0.972169	0.989552	0.964809
CATSPERD	0.962987	0.954447	0.938395
CATSPERB	0.520151	0.958438	0.996746
FAM178B	0.990982	0.962639	0.999372
TRHDE	0.461536	0.374114	0.989272
HOXC9	0.977027	0.960751	0.972618
HOXC8	0.955403	0.961528	0.95916
IGHV7-4-1	0.981046	0.969697	0.971434
IGLJ2	0.969165	0.991697	0.953614
IGKV3OR2-268	0.974179	0.990477	0.970111
CXCL13	0.976197	0.976156	0.958234
CXCL14	0.996807	0.963369	0.987593
HCN1	0.672647	0.304713	0.696859
HCN2	0.975103	0.46659	0.508401
GOLGA7B	0.961832	0.960905	0.969461
SIM2	0.312556	0.973503	0.327085
MEX3A	0.520151	0.489603	0.989567
MIR5195	0.955807	0.967333	0.988414
TEK	0.988044	0.596346	0.663745
DEPDC1	0.97662	0.986983	0.9964
DEPDC7	0.952138	0.995117	0.992468
STXBP6	0.95945	0.971106	0.951283
S1PR1	0.91496	0.656546	0.971452
DMBX1	0.951033	0.135021	0.104594
PRKCG	0.996296	0.18895	0.240234
SNORA14B	0.995084	0.961346	0.976681
IGHV4-31	0.993188	0.962052	0.982089
STIL	0.055753	0.236707	0.647682
FAM162B	0.999558	0.951502	0.990843
IL6	0.520151	0.489603	0.973306
RAMP1	0.994384	0.989552	0.995306
RAMP3	0.96217	0.978148	0.972618
RAMP2	0.98831	0.972108	0.967268
CENPU	0.958054	0.965575	0.956954
CGREF1	0.990099	0.982362	0.963831
MTHFD1P1	0.996129	0.994761	0.986887
ANLN	0.09724	0.356203	0.663745
GDF10	0.292534	0.716168	0.685131
MYH16	0.975219	0.957669	0.965693
IGHV3OR16-12	0.977334	0.957339	0.976611
IGHV3OR16-15	0.960434	0.951151	0.955688
CGNL1	0.995023	0.633344	0.566805
LINC00543	0.981907	0.985922	0.957555
IGKV1D-17	0.620878	0.972595	0.647682
IGKV1D-16	0.160025	0.966189	0.150025
IGKV1D-13	0.934303	0.596346	0.962459
IGKV1D-12	0.28038	0.972087	0.149229
SLC9A2	0.823491	0.74834	0.957632
SLC9A3	0.522757	0.465512	0.983105
ARHGEF39	0.986968	0.989552	0.972993
TBX4	0.472962	0.603934	0.954979
FAP	0.346848	0.779846	0.742958
C1QL1	0.992121	0.989552	0.999187
SCN7A	0.651219	0.756149	0.978144
IGHV3-53	0.767433	0.986969	0.991569
IGHV3-52	0.973216	0.970738	0.981315
SEMA3G	0.961338	0.971429	0.993146
DDX11-AS1	0.974548	0.977389	0.989862
SNORD14E	0.982794	0.960328	0.979877
C20orf85	0.934303	0.994124	0.952427
C1QTNF6	0.981453	0.981265	0.998055
C17orf78	0.981273	0.124453	0.149229
PRR11	0.96217	0.989552	0.961609
LINC00032	0.978255	0.954304	0.965586
HNRNPA1P27	0.96499	0.974415	0.985572
SRGAP3-AS2	0.989374	0.971294	0.960531
A2ML1	0.600859	0.501736	0.9669
MYOC	0.01285	0.026452	0.983276
ERVH48-1	0.99015	0.969283	0.998035
INSRR	0.981247	0.617867	0.618205
FOSB	0.985912	0.957197	0.955839
MYT1	0.969534	0.961931	0.998729
TCF24	0.983619	0.958185	0.9804
TMEM171	0.96217	0.236707	0.663745
APOLD1	0.520151	0.489603	0.971769
IGLV3-1	0.974875	0.958157	0.988953
IGLV3-9	0.96217	0.46659	0.952506
S100P	0.969217	0.983815	0.978106
CASP12	0.989009	0.954751	0.956226
CYP27C1	0.520151	0.973495	0.954096
DQX1	0.107993	0.236707	0.926883
HSF2BP	0.436868	0.957102	0.448101
DLC1	0.160448	0.952642	0.215367
ORC6	0.986222	0.964142	0.972618
ORC1	0.767433	0.382975	0.952427
SBSN	0.620878	0.952487	0.647682
CNTFR	0.967961	0.979832	0.998811
BARX2	0.973239	0.95949	0.95867
CABYR	0.682811	0.633344	0.972465
BARX1	0.981844	0.988486	0.955511
ADAMTS9-AS1	0.959302	0.975513	0.974467
PGLYRP1	0.96217	0.989552	0.967935
ACRV1	0.99029	0.46659	0.508401
RN7SL674P	0.998719	0.972833	0.988452
PGLYRP4	0.425855	0.382975	0.950344
RGS20	0.976056	0.351659	0.409129
RECQL4	0.548957	0.979088	0.566805
SAA1	0.966575	0.978174	0.970415
C20orf197	0.965805	0.963002	0.975923
CHEK1	0.972152	0.596346	0.270592
GINS2	0.969356	0.983748	0.959777
GINS1	0.9576	0.972975	0.971752
GINS4	0.963824	0.489603	0.972618
PLD5	0.985861	0.703942	0.938395
C6	0.981717	0.961581	0.970205
CP	0.548957	0.596346	0.977964
PROX1-AS1	0.994216	0.99448	0.978563
CASKIN1	0.999843	0.972087	0.989931
IL7R	0.013711	0.173006	0.328148
SATB2-AS1	0.982285	0.971772	0.956521
FAM131C	0.974445	0.989552	0.970598
IGHV7-56	0.966744	0.992499	0.982523
TRIP13	0.767433	0.965894	0.742958
FGFBP2	0.28038	0.255226	0.954008
TCL6	0.971573	0.989552	0.962815
RPL13AP17	0.959007	0.996855	0.978081
PLEK2	0.971707	0.968746	0.972618
TCTE1	0.436868	0.46659	0.965112
SNORA5A	0.991317	0.954071	0.985367
CLSPN	0.017499	0.117412	0.508401
SLC2A1-AS1	0.986639	0.96373	0.994713
MUC3A	0.963113	0.803878	0.907769
PACSIN1	0.969292	0.9555	0.952427
IGKV5-2	0.97798	0.596346	0.270592
HAL	0.964251	0.489603	0.972618
LRRC71	0.97512	0.96658	0.972383
TRIM31-AS1	0.963334	0.967954	0.997052
SCARNA6	0.987975	0.97365	0.994941
LGSN	0.934303	0.596346	0.99574
IGKV7-3	0.975241	0.952566	0.983261
ANKRD36BP2	0.976538	0.966297	0.981355
TOX3	0.952634	0.596346	0.663745
PCSK1N	0.986288	0.983052	0.993751
PRG4	0.764863	0.313815	0.677271
FAM133A	0.980457	0.489603	0.972618
HNF1A	0.995487	0.975065	0.972618
PROM2	0.977365	0.994769	0.955946
CSF3	0.959477	0.964218	0.961821
CNTN6	0.991965	0.953684	0.993429
SNORD72	0.953397	0.986692	0.993293
CNGA1	0.96217	0.066761	0.24873
CNGA3	0.767433	0.983174	0.988201
AIM2	0.425855	0.703942	0.964594
TRIM31	0.520151	0.489603	0.962381
FAM107A	0.992708	0.950587	0.990929
IQGAP3	0.996155	0.203164	0.265153
TUBA4B	0.952375	0.989265	0.967599
RNF183	0.987865	0.976591	0.98345
MROH6	0.520151	0.956546	0.964038
SYT12	0.992515	0.981846	0.508401
SYT13	0.548957	0.117683	0.566536
SYT16	0.988111	0.975561	0.916835
SYT14	0.620878	0.998512	0.647682
SYT15	0.980111	0.978669	0.951146
NDP	0.967016	0.952838	0.953356
UBE2QL1	0.973155	0.980137	0.982775
MRC1	0.682811	0.255226	0.972618
SPC24	0.991991	0.954547	0.977604
KL	0.823491	0.957899	0.965282
HSPA12B	0.425855	0.703942	0.971549
GPM6A	0.91496	0.951466	0.566805
KIF25-AS1	0.997531	0.960839	0.963575
ABCA8	0.225767	0.56864	0.742958
F5	0.962333	0.173006	0.114359
F7	0.986918	0.423837	0.24873
HTR3A	0.425855	0.968246	0.24873
DYNLRB2	0.520151	0.95865	0.9639
PDZD2	0.472256	0.524163	0.110474
VSIG1	0.682811	0.97727	0.988292
KCND2	0.234402	0.65725	0.617624
TCAM1P	0.983205	0.999829	0.998612
NGEF	0.91496	0.976194	0.938395
LY6D	0.983391	0.964437	0.973017
LY6K	0.972156	0.968814	0.983453
SERPINA5	0.346848	0.982045	0.500415
TSPAN8	0.520151	0.990578	0.985697
IGHV4-28	0.954718	0.950446	0.962137
XKRX	0.976831	0.963594	0.977408
LINC00665	0.967318	0.981501	0.972162
GOLM1	0.952529	0.95815	0.963169
XKR9	0.59605	0.965866	0.327085
CALML3-AS1	0.976111	0.951845	0.983392
HJURP	0.26205	0.22832	0.981821
DOK5	0.682811	0.966142	0.987624
RAB3B	0.96217	0.976928	0.972618
GDNF	0.998162	0.965083	0.97332
PPP2R2C	0.548957	0.596346	0.958143
TTK	0.951171	0.299538	0.391239
MIOX	0.988913	0.995308	0.972618
MYEOV	0.28038	0.984915	0.270592
SRPK3	0.89911	0.255226	0.114044
ITIH5	0.732067	0.976915	0.886554
TONSL	0.970741	0.204306	0.24873
KIF5A	0.190958	0.963922	0.265153
MASP1	0.234402	0.187501	0.956906
CDK1	0.997696	0.989552	0.990334
ECSCR	0.984161	0.974412	0.975685
RAD51	0.996752	0.989552	0.994146
IGKV4-1	0.520151	0.959858	0.950762
ADRB1	0.974137	0.981429	0.986342
SIRPB1	0.91496	0.990843	0.566805
SMPX	0.96217	0.984877	0.972618
C14orf39	0.994769	0.977339	0.994401
RMDN2-AS1	0.980202	0.996602	0.99408
HOXC6	0.993296	0.988755	0.953663
TFF1	0.97495	0.991809	0.962151
ABCC13	0.982012	0.987295	0.996079
ABCC11	0.007975	0.043483	0.617624
DEPDC1B	0.28038	0.980345	0.508401
ANO2	0.970137	0.538495	0.445054
COL3A1	0.535923	0.653553	0.971238
MYZAP	0.963439	0.983473	0.991178
APOBEC3B	0.995951	0.979547	0.969659
C10orf67	0.995557	0.960268	0.967892
SLC1A7	0.978377	0.996622	0.971668
SLC1A1	0.548957	0.99892	0.566805
SLC2A5	0.97329	0.997637	0.996107
FA2H	0.966436	0.46659	0.508401
SLC2A1	0.967046	0.970407	0.975161
CEACAM1	0.968496	0.489603	0.448101
CEACAM5	0.425855	0.703942	0.998018
CEACAM7	0.980071	0.979092	0.972872
CEACAM8	0.91496	0.489603	0.222079
FZD9	0.968121	0.981846	0.959928
NAT8L	0.983271	0.992691	0.962256
FMO2	0.885294	0.972901	0.647682
STX1A	0.96391	0.986777	0.992786
KRT80	0.934303	0.981846	0.995743
KRT81	0.98436	0.989552	0.965038
STX11	0.98194	0.96013	0.960377
STK31	0.865215	0.299538	0.618793
DPP6	0.990002	0.218542	0.340281
BCAN	0.95009	0.153735	0.281843
DUSP9	0.958113	0.970839	0.953791
DUSP4	0.520151	0.489603	0.959908
OR51E1	0.981187	0.975626	0.952427
TRPA1	0.739	0.955958	0.827924
RHCG	0.682811	0.972087	0.409129
AHNAK2	0.273043	0.241567	0.98575
SCN4A	0.95009	0.839049	0.997888
SCN4B	0.990565	0.989552	0.970523
IGHV3-60	0.957009	0.991827	0.966954
IGHV3-62	0.973117	0.998633	0.956971
IGHV3-64	0.981574	0.963757	0.989188
IGHV3-66	0.934303	0.998062	0.448101
KCNQ5	0.957815	0.74834	0.926883
KCNQ3	0.26205	0.74834	0.663745
UNC5CL	0.958579	0.978867	0.953648
TNNC1	0.989368	0.967882	0.976699
TNNC2	0.520151	0.489603	0.98762
CYP3A7	0.520151	0.981232	0.990102
AFAP1-AS1	0.961884	0.997013	0.996566
LDB2	0.861393	0.524163	0.281843
MYH2	0.817347	0.930477	0.979922
TBX18	0.958618	0.968246	0.79453
PIP5K1B	0.972957	0.967585	0.97466
GPR35	0.934303	0.204306	0.500415
GPR37	0.993138	0.314083	0.392187
TRIM72	0.411044	0.954473	0.240234
RPL23AP77	0.963851	0.95534	0.961023
TRAPPC3L	0.963015	0.959721	0.994816
CLDN10	0.767433	0.382975	0.952427
CLDN18	0.988146	0.994322	0.965427
LINC00707	0.993945	0.964329	0.999071
LINC00702	0.991145	0.982005	0.989572
C1ORF220	0.520151	0.976453	0.987637
GPX3	0.995786	0.995371	0.972618
GPX2	0.968246	0.989552	0.996078
NTS	0.548957	0.951606	0.566805
NTM	0.865215	0.779846	0.975748
ST6GALNAC5	0.767433	0.963639	0.742958
MCHR1	0.962116	0.999429	0.971047
SAPCD2	0.989591	0.953741	0.973798
LINGO1	0.980009	0.656546	0.742958
STYK1	0.682811	0.255226	0.972618
ARC	0.96217	0.124453	0.409129
SFTPA2	0.957962	0.981846	0.978059
SFTPA1	0.987523	0.633344	0.952427
MEGF10	0.31243	0.374114	0.967594
CPS1	0.78833	0.523056	0.872191
IGKV3-20	0.520151	0.970978	0.508401
SELE	0.058874	0.402369	0.409129
RMI2	0.997734	0.953475	0.973195
IGKV1D-43	0.682811	0.972087	0.409129
SLC7A10	0.995183	0.950055	0.984175
SLC7A11	0.97756	0.976707	0.986056
SELP	0.648653	0.291966	0.748716
total_mutations	0.966452	0.978059	0.981425
