Gene	23	21	31
CPHL1P	0.98251	0.965617	0.97107
ITGA8	0.27558	0.955505	0.133807
ARTN	0.992164	0.974881	0.98032
ART4	0.972465	0.797516	0.997965
STAU2-AS1	0.974373	0.97954	0.98579
MSL3P1	0.963397	0.996901	0.960748
RNF182	0.966051	0.998527	0.935941
B3GAT1	0.97427	0.996783	0.50545
GSDMC	0.254451	0.986943	0.29785
DLGAP5	0.957281	0.97277	0.982568
OIP5	0.993595	0.96103	0.955212
MZB1	0.977003	0.954831	0.99983
MSMB	0.554152	0.655511	0.9624
SOX21	0.963357	0.977679	0.990534
HOXA10	0.997624	0.956307	0.962364
GCNT3	0.999282	0.99517	0.960307
CCDC173	0.525809	0.991579	0.305929
PDK4	0.789256	0.711961	0.990879
IGHV1-2	0.254451	0.993812	0.29785
BHLHA15	0.982971	0.984145	0.962044
IGHV4-4	0.983557	0.797516	0.984974
MB	0.979442	0.964133	0.989301
SLC17A9	0.479834	0.999819	0.18763
CYP4A22-AS1	0.977541	0.999864	0.974248
SYT2	0.878813	0.655511	0.995666
SYT5	0.970486	0.987019	0.968247
SYT6	0.974158	0.723224	0.83016
SYT7	0.878813	0.655511	0.981653
IGKV1-12	0.851973	0.797516	0.176357
IGKV1-16	0.544349	0.983114	0.176414
IGKV1-17	0.74882	0.492166	0.897221
BRIP1	0.880858	0.835037	0.337594
ENO3	0.789256	0.99645	0.978396
SNORD94	0.983071	0.99173	0.950228
CNGB1	0.254451	0.711961	0.581248
NKAIN4	0.963492	0.797516	0.971231
NKAIN3	0.964564	0.797516	0.990761
NKAIN1	0.976723	0.987753	0.95816
VGF	0.789256	0.711961	0.983127
WNT3	0.996464	0.963397	0.950811
PACRG	0.358081	0.797516	0.037189
IGHV5-78	0.975101	0.992043	0.961916
KCP	0.97787	0.988371	0.953267
ADAM12	0.880858	0.976379	0.547716
PCSK1	0.358081	0.952898	0.117716
CCNA2	0.789256	0.954019	0.550114
SKA1	0.961924	0.711961	0.888969
SKA3	0.981895	0.975881	0.959322
SVEP1	0.990311	0.22083	0.085873
PHACTR1	0.789256	0.711961	0.96785
ARHGAP40	0.962481	0.963479	0.991516
TNNT1	0.969208	0.98669	0.968652
TESC	0.733607	0.968614	0.935941
AOC3	0.851973	0.797516	0.176357
IGLV1-36	0.968468	0.993084	0.963494
ESPNP	0.974606	0.957282	0.981634
KCNA4	0.013153	0.263563	0.095766
KCNA5	0.231364	0.972223	0.125128
BHMT	0.991873	0.965108	0.888969
PLA2G2C	0.954328	0.976058	0.978621
SPTBN2	0.10938	0.953651	0.048432
IGKV2-30	0.093641	0.984762	0.073646
SERPINB5	0.969581	0.980821	0.966099
SERPINB7	0.067833	0.711961	0.115574
TRIM58	0.024238	0.519206	0.060293
ZNF252P-AS1	0.987204	0.973901	0.964335
GPR146	0.979297	0.998774	0.969158
SLC7A9	0.254451	0.982709	0.103778
IGHV1-45	0.851973	0.954492	0.469664
IGHV1-46	0.950659	0.985941	0.95796
GLIPR2	0.733607	0.797516	0.950719
ACTN2	0.107843	0.317017	0.585379
LINC00634	0.963908	0.969445	0.996871
TMPRSS6	0.180977	0.963576	0.18763
SLC35F3	0.685266	0.835037	0.983693
FOXF1	0.36223	0.711961	0.829907
HAR1B	0.950882	0.97012	0.995788
INSL3	0.973641	0.987427	0.955961
RDM1	0.789256	0.985506	0.972341
INMT	0.254451	0.711961	0.581248
NPTX1	0.733607	0.797516	0.985744
PTCHD3P2	0.995501	0.970931	0.994679
GLDN	0.733607	0.977801	0.935941
GLDC	0.328066	0.916966	0.458486
QPCT	0.999131	0.959683	0.956478
GRK5	0.641049	0.959229	0.581248
RN7SL1	0.972463	0.982503	0.972045
RN7SL3	0.988206	0.963551	0.985256
CAPSL	0.254451	0.711961	0.581248
MYADML2	0.988276	0.982034	0.98769
HPCA	0.966146	0.965302	0.975214
IGSF10	0.953085	0.343417	0.289023
EFCC1	0.952122	0.986119	0.965932
RBBP8NL	0.733607	0.797516	0.955323
GPC3	0.443438	0.563122	0.970344
LOXHD1	0.975251	0.971823	0.985414
HMGB3	0.969119	0.994503	0.987406
EEF1A2	0.952936	0.655511	0.29785
CALY	0.989277	0.994342	0.987363
C5orf46	0.977521	0.964399	0.954845
TRIM9	0.989355	0.492166	0.337594
PAH	0.871654	0.272943	0.061861
LYPD3	0.733607	0.962004	0.409234
LYPD1	0.525809	0.980497	0.305929
FAT2	0.060639	0.252625	0.467047
AKR7A3	0.878813	0.958163	0.993041
CKMT1A	0.958377	0.998015	0.989829
CKMT1B	0.976481	0.96955	0.969661
BCL2L15	0.986637	0.95359	0.972373
BCL2L10	0.964292	0.967267	0.966902
IGHV1-3	0.987351	0.997491	0.996327
SLC38A3	0.96318	0.974913	0.979279
YBX2	0.966083	0.955866	0.960967
ERG	0.950232	0.967923	0.581248
FAM172BP	0.975237	0.976966	0.958357
IBSP	0.993618	0.963763	0.999026
SOSTDC1	0.986802	0.992723	0.977165
IGLL1	0.987257	0.797516	0.972322
IGLL5	0.36223	0.956094	0.176357
CEP55	0.554152	0.960736	0.888969
ATP10B	0.263477	0.977728	0.182491
CPXM1	0.989095	0.563122	0.397105
PLAC1	0.733607	0.797516	0.963187
PLAC4	0.993446	0.977098	0.972521
PLAC9	0.98788	0.96138	0.97502
DLX5	0.989325	0.706544	0.786801
DLX3	0.956229	0.981837	0.991474
IGHV3OR16-6	0.992731	0.956893	0.958952
IGHV3OR16-8	0.967541	0.288662	0.26647
FERMT1	0.981339	0.272943	0.305929
KLHDC8A	0.254451	0.992812	0.103778
DPYD-AS1	0.996195	0.997085	0.998843
RETN	0.991625	0.969145	0.967454
IGKV1D-8	0.525809	0.957861	0.305929
VWF	0.409133	0.994337	0.474081
CDH17	0.424078	0.916966	0.60693
B4GALNT4	0.36223	0.198262	0.807286
B4GALNT1	0.254451	0.711961	0.581248
B4GALNT2	0.641049	0.954661	0.581248
C1orf87	0.951292	0.973818	0.888969
KIFC1	0.443438	0.835037	0.856559
HS6ST2	0.972922	0.988685	0.981749
TAF7L	0.970715	0.797516	0.305929
GDPD4	0.956092	0.9966	0.974159
FCRL4	0.328066	0.981985	0.075079
FCRL5	0.017867	0.370583	0.077403
IGLV5-45	0.554152	0.272943	0.952421
IGLV5-48	0.733607	0.973072	0.935941
PNMA6A	0.954638	0.974075	0.99217
LRRC2	0.069138	0.563122	0.409234
MORN5	0.525809	0.993023	0.305929
SCUBE3	0.979811	0.995377	0.979995
SCUBE1	0.544349	0.655511	0.073646
RPSAP52	0.974462	0.984021	0.965796
RPSAP56	0.973478	0.973038	0.993619
PTHLH	0.982397	0.995498	0.952238
TPPP3	0.992848	0.996022	0.950301
GFRA3	0.981849	0.992548	0.731554
EPHA6	0.209215	0.419295	0.743817
COL9A1	0.231364	0.998392	0.125128
GLB1L3	0.525809	0.711961	0.971492
ARL9	0.977003	0.970538	0.953855
RRM2	0.525809	0.711961	0.968504
SRSF12	0.987681	0.957093	0.969469
IGKV3-11	0.963452	0.992047	0.950497
IGKV3-15	0.733607	0.981069	0.935941
Y_RNA	0.982922	0.973972	0.950636
SH2D4B	0.36223	0.96985	0.469664
LINC00525	0.977828	0.986061	0.995675
TICRR	0.918958	0.099956	0.176357
SLC4A1	0.988161	0.268504	0.233816
KNTC1	0.885732	0.130897	0.028646
IGSF9	0.789256	0.997647	0.550114
IGSF1	0.129522	0.969933	0.037327
FGR	0.733607	0.963784	0.409234
FGA	0.617354	0.268504	0.664542
FGB	0.692665	0.706544	0.99709
RPL39L	0.953118	0.974695	0.965452
NEIL3	0.959847	0.953656	0.995398
MESP1	0.968174	0.983983	0.998194
MESP2	0.988793	0.97272	0.999263
IGHV3-35	0.960631	0.98815	0.975524
IGHV3-33	0.789256	0.985742	0.550114
IGHV3-30	0.994349	0.956324	0.935941
IGHV3-38	0.223957	0.563122	0.888969
RAD54L	0.36279	0.130897	0.731554
ABCB6	0.789256	0.971932	0.550114
ABCB4	0.544349	0.916966	0.785456
ZYG11A	0.984018	0.967105	0.974801
ITGA11	0.871654	0.272943	0.061861
B3GNT6	0.851973	0.962304	0.469664
BEAN1	0.98849	0.986906	0.960436
C8B	0.885732	0.130897	0.028646
EPHA10	0.479834	0.996783	0.664542
DMRTA2	0.98384	0.955642	0.986528
MSR1	0.851973	0.970551	0.829907
TBX3	0.358081	0.981401	0.117716
SBSPON	0.789256	0.968584	0.974082
LRRC18	0.851973	0.969784	0.469664
LRRC15	0.692665	0.984794	0.730673
FAM111B	0.953493	0.953249	0.980007
IGKV1-13	0.982954	0.97181	0.951921
CHRNA5	0.525809	0.993527	0.305929
CHRNA9	0.525809	0.996687	0.731554
FAM83F	0.995927	0.272943	0.305929
SIRPD	0.989513	0.960792	0.951885
FOXM1	0.443438	0.563122	0.97131
DLX6-AS1	0.954407	0.989645	0.962505
IGHJ6	0.991265	0.955237	0.959386
IGHJ5	0.985814	0.976817	0.982975
IGHJ4	0.979979	0.952462	0.999733
IGHJ2	0.978874	0.990165	0.994596
IGHJ1	0.995814	0.99397	0.97727
CDCA2	0.223957	0.300049	0.97674
CDCA3	0.953778	0.9773	0.956523
CDCA7	0.789256	0.711961	0.98226
CDCA5	0.997624	0.958519	0.98558
CDCA8	0.99861	0.954969	0.978552
SPRED3	0.961	0.994638	0.986579
RHBDL2	0.789256	0.956735	0.550114
RHBDL1	0.789256	0.999394	0.955144
TEX11	0.996894	0.706544	0.786801
SLCO1A2	0.986894	0.563122	0.581248
CYP24A1	0.36223	0.711961	0.829907
MAD2L1	0.554152	0.272943	0.993043
CASQ2	0.789256	0.983588	0.550114
BMPER	0.614555	0.288662	0.031056
RN7SL521P	0.962758	0.998126	0.965397
PROK2	0.960325	0.950413	0.974518
FBXO43	0.977043	0.655511	0.731554
SFRP5	0.989006	0.711961	0.409234
COL1A1	0.885732	0.935081	0.458486
COL6A6	0.187707	0.43424	0.005514
KLK12	0.997217	0.98503	0.987613
TMEM100	0.525809	0.966343	0.731554
DDX12P	0.979504	0.990292	0.9937
RNF222	0.980069	0.958449	0.963328
FGL1	0.988393	0.989671	0.982122
DSP	0.295067	0.952308	0.097653
THBD	0.789256	0.951958	0.986088
SNORD46	0.992846	0.977241	0.994193
IGLV2-23	0.554152	0.655511	0.961434
HECW1	0.292551	0.979343	0.114886
RGCC	0.733607	0.797516	0.962096
PPP1R14D	0.9588	0.956843	0.983176
PPP1R14B	0.961258	0.98908	0.9764
PCDH15	0.001941	0.985744	0.000313
COL17A1	0.962883	0.971234	0.998637
OCIAD2	0.955467	0.981732	0.976606
TEKT1	0.978414	0.982332	0.731554
TEKT5	0.992748	0.797516	0.977622
SEC14L3	0.878813	0.655511	0.978945
SEC14L6	0.991453	0.980985	0.985409
KRT6B	0.788761	0.268504	0.478866
KRT6A	0.991934	0.563122	0.581248
COMP	0.525809	0.985563	0.731554
IL19	0.789256	0.995109	0.550114
IL11	0.733607	0.797516	0.990791
MROH3P	0.985033	0.963874	0.964912
MROH9	0.503743	0.715107	0.097653
MS4A7	0.254451	0.451554	0.897221
KCNN4	0.960534	0.960238	0.982412
PKIB	0.789256	0.996965	0.550114
CCL14	0.789256	0.953834	0.958548
C1QTNF7	0.963732	0.953997	0.956351
PLEKHN1	0.984448	0.954667	0.935941
KCNT2	0.609186	0.24466	0.53752
IGHV1-12	0.967778	0.960719	0.979876
IGHV1-17	0.984664	0.975068	0.99233
IGHV1-14	0.957889	0.988163	0.99683
IGHV1-18	0.966247	0.992431	0.968572
HPSE2	0.956528	0.13941	0.176414
ALOXE3	0.443438	0.099956	0.550114
MUC16	0.038146	0.145168	1.7e-05
MUC13	0.982614	0.272943	0.176357
LRRN3	0.479834	0.370583	0.999695
IGHV3OR16-10	0.951431	0.989367	0.996186
WNT7A	0.641049	0.723224	0.966308
OSCAR	0.966827	0.972742	0.956138
CSRNP1	0.967382	0.957598	0.963701
BUB1	0.969957	0.961738	0.83016
FOXE1	0.789256	0.950944	0.550114
C11orf86	0.955248	0.952813	0.958392
WWC2	0.982736	0.797516	0.305929
C2CD4A	0.988796	0.979103	0.935941
C2CD4D	0.98752	0.953049	0.99557
CCDC162P	0.968431	0.970088	0.954001
GDNF-AS1	0.990161	0.999367	0.957237
ENTPD2	0.789256	0.958721	0.550114
ENTPD8	0.974824	0.970667	0.95614
EMP2	0.733607	0.797516	0.98742
CCDC26	0.992863	0.989545	0.953219
FIBIN	0.975195	0.711961	0.409234
CDKN3	0.99426	0.991615	0.968278
HEPHL1	0.231364	0.563122	0.012577
TRIM54	0.981322	0.996783	0.50545
CFD	0.972679	0.965282	0.9914
HSD17B1	0.789256	0.959452	0.550114
HSD17B6	0.980165	0.711961	0.888969
ALDH3B2	0.789256	0.451554	0.856559
IL1RL1	0.952406	0.957511	0.948671
IL1RL2	0.525809	0.963744	0.731554
AC126323.1	0.963456	0.974376	0.977696
PEBP4	0.974266	0.98322	0.995178
HNF1A-AS1	0.997514	0.99636	0.975151
CBX2	0.95637	0.952237	0.731554
PFKP	0.789256	0.711961	0.980344
POU6F2	0.295067	0.099956	0.001885
SNTN	0.997196	0.970581	0.935941
RASAL1	0.851973	0.987923	0.829907
EGF	0.129801	0.198262	0.990595
WASIR2	0.967196	0.995756	0.968916
IGKV2D-29	0.479834	0.797516	0.061861
IGKV2D-28	0.981267	0.797516	0.550114
CDH15	0.918958	0.563122	0.829907
CREG2	0.998646	0.995144	0.952122
CDH19	0.469938	0.962532	0.510188
HTR1D	0.994083	0.97894	0.957106
CD52	0.969188	0.959877	0.951028
CD5L	0.147152	0.990139	0.047475
SPATA4	0.962192	0.797516	0.550114
MIR559	0.996105	0.965703	0.961799
CALB1	0.254451	0.953436	0.29785
SPINK2	0.966316	0.9884	0.98855
SERINC2	0.987868	0.797516	0.550114
SALL4	0.880858	0.981472	0.547716
FAM177B	0.733607	0.956718	0.935941
IGHV1OR15-2	0.963984	0.989148	0.983025
IGHV1OR15-9	0.36223	0.134293	0.562335
HOXD4	0.990687	0.952158	0.968387
NPBWR1	0.525809	0.711961	0.995372
SLC6A13	0.641049	0.996783	0.897221
SLC6A11	0.95698	0.986982	0.581248
SLC6A17	0.093641	0.980852	0.022486
TAC4	0.985324	0.958255	0.935941
ADAM8	0.36223	0.992014	0.469664
IL20RB	0.989533	0.964023	0.888969
SULF1	0.918958	0.970014	0.969396
TROAP	0.952025	0.966824	0.990068
WFDC3	0.991822	0.797516	0.950202
INHA	0.789256	0.986128	0.550114
UGT8	0.641049	0.992654	0.29785
KREMEN2	0.999109	0.797516	0.98466
IGHG4	0.525809	0.987843	0.305929
IGHG1	0.950098	0.797516	0.550114
IGHG2	0.789256	0.961526	0.981255
IGHG3	0.968429	0.797516	0.305929
BPIFB2	0.851973	0.723224	0.975
CAMK2B	0.067833	0.296304	0.401284
IGHGP	0.969921	0.955148	0.968211
C9orf50	0.789256	0.98335	0.550114
ANKRD22	0.957213	0.959182	0.935941
MKRN3	0.259792	0.068163	0.547716
LHFPL4	0.958097	0.797516	0.550114
LHFPL3	0.36223	0.95914	0.469664
TLL2	0.614555	0.715107	0.141953
PBK	0.999819	0.988956	0.997219
RIMS2	0.001501	0.26019	0.01328
ITM2A	0.851973	0.959837	0.829907
KLF4	0.093641	0.983965	0.022486
JAKMIP3	0.254451	0.959222	0.29785
ZBTB8B	0.955228	0.95943	0.97092
F12	0.974902	0.950823	0.982987
RCOR2	0.733607	0.797516	0.981059
UGT2B15	0.358081	0.996783	0.478866
LCN2	0.981773	0.96603	0.935941
DNAJC12	0.987453	0.797516	0.952293
NRK	0.147152	0.916966	0.177052
EME1	0.95721	0.996165	0.976308
DUOX1	0.525809	0.963741	0.731554
CDHR5	0.965818	0.711961	0.888969
C5orf34	0.789256	0.96276	0.550114
PCP4	0.991741	0.973335	0.985747
IGHV2-70	0.971864	0.997817	0.975218
ADAMDEC1	0.254451	0.976197	0.103778
NOX5	0.977942	0.991559	0.581248
ZBED2	0.641049	0.797516	0.103778
PF4	0.968613	0.955322	0.984811
GCOM1	0.963489	0.965193	0.955253
CRTAC1	0.641049	0.797516	0.103778
PKHD1L1	0.125728	0.57176	0.005979
PSMD10P2	0.991106	0.988239	0.97376
CXCR2	0.685266	0.563122	0.956901
CXCR1	0.525809	0.956016	0.731554
LINC00551	0.984688	0.982427	0.989615
IGKV1D-27	0.990238	0.991762	0.973148
AC105339.2	0.989189	0.9924	0.966329
HHLA2	0.733607	0.967872	0.935941
PRSS3	0.960362	0.979723	0.998352
PRSS2	0.9732	0.973852	0.982223
HEG1	0.993245	0.563122	0.581248
SNORD17	0.974367	0.96312	0.977032
AQP6	0.95583	0.797516	0.998743
AQP4	0.789256	0.994667	0.997631
GSC	0.968253	0.952112	0.99237
SNHG4	0.962281	0.975812	0.958484
GUCY1B2	0.985329	0.985188	0.966283
BTNL9	0.981986	0.97069	0.955937
IGHV3-48	0.992706	0.985752	0.978337
IGHV3-49	0.525809	0.992045	0.305929
IGHV3-47	0.97787	0.989179	0.984049
IGHV3-43	0.961925	0.711961	0.888969
IGHV3-41	0.998757	0.974321	0.9926
FHL2	0.733607	0.797516	0.970445
FHL1	0.999808	0.797516	0.550114
FHL5	0.960546	0.961628	0.989795
DNA2	0.851973	0.95075	0.469664
SNORD15B	0.962385	0.974127	0.999314
MAMDC2	0.971365	0.995527	0.951266
TNR	0.020435	0.97368	0.002906
GPR19	0.994167	0.963649	0.985444
EFCAB1	0.878813	0.272943	0.550114
RAD51AP1	0.685266	0.099956	0.305929
DKK2	0.74882	0.492166	0.897221
DKK1	0.789256	0.711961	0.957372
CDT1	0.789256	0.969377	0.953422
CST2	0.950891	0.982034	0.988866
XRCC2	0.988625	0.797516	0.964989
STARD8	0.544349	0.990895	0.176414
GPT	0.733607	0.797516	0.95629
LCT	0.985617	0.56576	0.640171
POLE2	0.995114	0.966052	0.966406
SYN2	0.978039	0.969193	0.935941
LINC00184	0.955102	0.95512	0.95222
NLRC4	0.962423	0.563122	0.397105
OPRK1	0.36223	0.296304	0.957985
DNAH14	0.972958	0.984219	0.731554
EDN1	0.953042	0.955703	0.99127
SLC14A2	0.266707	0.186985	0.942691
SLC14A1	0.525809	0.993592	0.731554
SLC13A5	0.973661	0.655511	0.731554
RGS17	0.968085	0.955371	0.935941
IGFL2	0.554152	0.272943	0.991615
IGFL4	0.789256	0.973999	0.550114
DNAH17-AS1	0.962744	0.958524	0.958851
PLAU	0.789256	0.967196	0.961301
C1orf194	0.95739	0.989835	0.984966
DUOXA1	0.980952	0.989718	0.963781
GRIN1	0.969534	0.976891	0.581248
GTSE1	0.525809	0.998302	0.731554
MYO3B	0.986477	0.130897	0.045974
PHLDA2	0.977761	0.977825	0.973203
H19	0.961293	0.992426	0.968985
SMAD6	0.966977	0.950414	0.994441
F11	0.424078	0.272943	0.013648
MTND1P23	0.976271	0.95991	0.987139
SMKR1	0.959745	0.987489	0.979483
RFX8	0.984967	0.98769	0.99951
IGFBP3	0.36223	0.95242	0.176357
IGFBP1	0.96145	0.968994	0.993105
CLIC5	0.96048	0.974989	0.965332
NIM1K	0.995574	0.655511	0.731554
MSLNL	0.218109	0.992056	0.409234
EREG	0.986305	0.451554	0.192568
C14orf132	0.998542	0.972406	0.964199
CALCRL	0.880858	0.563122	0.176414
SRRM3	0.969954	0.797516	0.550114
IGLV1-51	0.956109	0.987822	0.967999
IGLV1-50	0.986199	0.972507	0.935941
ABCG2	0.95933	0.835037	0.897221
AKR1B10	0.878813	0.968083	0.856559
AKR1B15	0.692665	0.964546	0.26647
C15orf48	0.992693	0.98512	0.994259
KCNK9	0.198373	0.723224	0.401284
KCNK3	0.972879	0.797516	0.550114
VWDE	0.982739	0.952561	0.963398
MIR3189	0.988237	0.981793	0.974547
CCL23	0.992688	0.797516	0.550114
CCL24	0.733607	0.797516	0.965904
ALPK2	0.082816	0.977227	0.013014
GLYATL2	0.443438	0.300049	0.994898
LDLR	0.641049	0.797516	0.103778
FNDC1	0.329556	0.935081	0.087345
CCDC150	0.180977	0.451554	0.664542
CCDC154	0.990554	0.990034	0.985328
ATP6V0A4	0.851973	0.983672	0.829907
LINC00342	0.983535	0.986155	0.982087
PODXL2	0.968981	0.296304	0.278126
GAL3ST2	0.957177	0.978981	0.731554
IL17REL	0.983589	0.797516	0.550114
FOXH1	0.962862	0.963202	0.888969
TMEM105	0.974498	0.711961	0.409234
KRT4	0.986792	0.965186	0.969505
CDHR2	0.973105	0.996404	0.974562
TFAP2A	0.983362	0.996245	0.952151
CYYR1	0.998261	0.952266	0.897221
CRABP2	0.976098	0.451554	0.50545
AC142381.1	0.966474	0.954128	0.964746
FENDRR	0.979226	0.990876	0.952046
ODAM	0.525809	0.990871	0.731554
EDNRB	0.986055	0.535884	0.563527
CABP7	0.985074	0.993162	0.962632
FBXO32	0.733607	0.797516	0.996908
ALAS2	0.641049	0.797516	0.103778
APBA2	0.952706	0.966903	0.948671
PTPRZ1	0.580491	0.99248	0.325326
EPYC	0.254451	0.711961	0.581248
RNFT2	0.981761	0.96144	0.952574
AURKA	0.951243	0.973445	0.980166
AURKB	0.789256	0.977437	0.550114
WFIKKN2	0.266707	0.995355	0.176414
CAV2	0.733607	0.797516	0.958788
CAV1	0.953267	0.991029	0.960575
LRRC36	0.223957	0.300049	0.995138
GPR78	0.525809	0.975065	0.731554
DGCR5	0.966088	0.98228	0.963737
DES	0.525809	0.973221	0.305929
FAM222A-AS1	0.996463	0.997214	0.987029
FEZF1	0.954942	0.991606	0.978192
AC092198.1	0.971668	0.956471	0.989008
LILRP2	0.972076	0.952923	0.993553
CPP	0.994782	0.962492	0.984751
HHIP	0.988696	0.971024	0.984109
IGLV7-43	0.789256	0.990492	0.550114
GABRQ	0.469938	0.955485	0.203775
GABRP	0.789256	0.995476	0.985679
KRT17	0.980939	0.655511	0.29785
KRT16	0.964236	0.996227	0.950809
KRT15	0.789256	0.991734	0.550114
KRT14	0.554152	0.996811	0.50545
PLA2G4A	0.328066	0.655511	0.028646
PLA2G4F	0.990088	0.998027	0.731554
CMTM2	0.980155	0.96131	0.976538
CMTM5	0.878813	0.988473	0.959184
COL11A1	0.580664	0.008894	0.000145
GNG4	0.95588	0.965161	0.970335
UGT3A2	0.722553	0.996154	0.60693
RASGEF1C	0.980561	0.992501	0.888969
ONECUT2	0.997503	0.972305	0.972312
ONECUT1	0.982902	0.972782	0.982592
MUC5AC	0.880858	0.300049	0.073646
IGHV1-67	0.983526	0.964182	0.981312
IGHV1-69	0.443438	0.563122	0.989204
CIDEC	0.986828	0.990172	0.992423
TSPAN18	0.958062	0.968468	0.958605
TPTE2	0.358081	0.980694	0.117716
IGHV4-39	0.789256	0.966437	0.550114
FCN3	0.789256	0.97792	0.550114
HSPB6	0.957148	0.99028	0.980351
HSPB3	0.789256	0.95552	0.550114
HCAR1	0.789256	0.978857	0.550114
SCGB1A1	0.963085	0.797516	0.982664
TCF21	0.789256	0.958999	0.955547
WIF1	0.956047	0.797516	0.550114
IGHJ3P	0.993774	0.99682	0.989109
IGKC	0.992068	0.980194	0.985242
RPS2P15	0.976066	0.987308	0.998707
BPIFA2	0.218109	0.272943	0.970157
BPIFA1	0.254451	0.711961	0.581248
TMEM156	0.789256	0.986608	0.979246
ARL14	0.733607	0.990343	0.935941
KIF4A	0.451058	0.43424	0.978519
WDR72	0.209929	0.224906	0.961199
TRIM67	0.479834	0.973814	0.18763
LINC00896	0.999562	0.992114	0.970649
MCF2	0.424078	0.706544	0.832254
CDO1	0.985835	0.979427	0.975856
ZWINT	0.544349	0.996238	0.176414
EGOT	0.986939	0.95971	0.981595
PRKG2	0.198373	0.952743	0.045974
CALML6	0.964294	0.959417	0.999115
LRRC37A9P	0.968641	0.957318	0.986449
AGRP	0.982006	0.982457	0.995428
RUFY4	0.974918	0.980342	0.988466
AGR2	0.978131	0.962765	0.986841
DNAJC22	0.641049	0.797516	0.103778
NTSR1	0.851973	0.970222	0.829907
KANK3	0.95162	0.975929	0.984869
USHBP1	0.641049	0.97522	0.29785
RPS18P13	0.96461	0.994973	0.966772
IGHV2-26	0.878813	0.272943	0.550114
ESCO2	0.878813	0.272943	0.550114
SCARNA21	0.989714	0.974256	0.971294
CDC25A	0.971684	0.951884	0.953254
PRAME	0.254451	0.198262	0.986972
SLC27A6	0.231364	0.300049	0.004244
AK4	0.998973	0.970221	0.976836
SLC24A2	0.967245	0.130897	0.045974
ITLN2	0.789256	0.958212	0.992217
ITLN1	0.022627	0.492166	0.192568
SLC7A11-AS1	0.970773	0.994261	0.963608
ANKRD36C	0.525809	0.999788	0.305929
LIMS2	0.789256	0.987964	0.550114
SUN3	0.987864	0.655511	0.29785
ACKR4	0.990554	0.711961	0.888969
GPER1	0.958474	0.797516	0.550114
PRRX2	0.789256	0.972255	0.550114
MIR31HG	0.987897	0.97256	0.963888
ABCA12	0.992598	0.274663	0.281079
RHBG	0.959219	0.711961	0.409234
COCH	0.980216	0.655511	0.731554
POU3F2	0.36223	0.978264	0.469664
TSACC	0.997264	0.981953	0.995845
SLC7A5	0.218109	0.655511	0.935941
PLOD2	0.641049	0.97158	0.29785
JPH3	0.266707	0.797516	0.022486
JPH4	0.641049	0.797516	0.103778
SLITRK2	0.68372	0.776243	0.25549
MYBPH	0.99468	0.98169	0.829907
GREB1L	0.968538	0.97864	0.967225
DCSTAMP	0.044437	0.519206	0.125128
FUT3	0.960161	0.98366	0.888969
FUT2	0.986738	0.975136	0.970278
GHR	0.147152	0.950802	0.01981
VTCN1	0.999278	0.952518	0.96228
APCDD1L	0.958289	0.797516	0.305929
PAFAH1B3	0.990705	0.970931	0.954972
STARD13	0.10938	0.996783	0.107603
MT1M	0.789256	0.973854	0.550114
MGAT3	0.328066	0.994898	0.075079
MMP7	0.985016	0.965296	0.984775
MMP3	0.254451	0.987619	0.29785
HHIPL2	0.75572	0.961176	0.432172
KIF26B	0.328066	0.952877	0.288345
ANKS4B	0.980858	0.994585	0.996471
IGKV3-7	0.525809	0.451554	0.984077
MIR3677	0.983064	0.951393	0.966115
FSTL4	0.180977	0.711961	0.397105
NUF2	0.692665	0.96343	0.730673
ANXA8L1	0.969198	0.954673	0.969585
C12orf42	0.998625	0.519206	0.150534
FGF11	0.966514	0.958604	0.963865
FGF10	0.479834	0.993482	0.397105
KCNJ10	0.878813	0.655511	0.992705
SLC6A4	0.180977	0.965093	0.061861
COL22A1	0.153535	0.57176	0.008606
WFDC10B	0.979326	0.957068	0.95224
RADIL	0.957415	0.272943	0.103778
SLCO5A1	0.111709	0.706544	0.212204
STRCP1	0.988494	0.963554	0.96306
SCARNA7	0.98755	0.964313	0.985517
GCM1	0.98271	0.272943	0.305929
SCARNA5	0.998955	0.961985	0.989694
VWC2	0.987171	0.964652	0.953625
IGLV3-27	0.789256	0.951064	0.964966
ITPKA	0.984246	0.97297	0.950015
UPK1B	0.993125	0.96963	0.959841
COL5A2	0.60141	0.246178	0.02618
COL5A1	0.460074	0.718964	0.095766
LAMP3	0.525809	0.960923	0.731554
DUSP5P1	0.954538	0.984183	0.965578
JSRP1	0.972169	0.996647	0.957643
TGM5	0.525809	0.987255	0.305929
ADM2	0.984601	0.966638	0.960709
NCAPH	0.685266	0.835037	0.99658
NCAPG	0.180977	0.994689	0.061861
TRPM8	0.044437	0.996783	0.031143
TRPM5	0.035875	0.711961	0.048432
BCAS1	0.479834	0.997677	0.397105
PABPC1L	0.789256	0.451554	0.856559
GALNT14	0.358081	0.370583	0.971385
CACNA2D2	0.964945	0.956579	0.965812
PTCRA	0.641049	0.977969	0.29785
TAS1R3	0.851973	0.797516	0.176357
GPC2	0.789256	0.451554	0.856559
RTN4RL2	0.959568	0.296304	0.093947
REEP6	0.984942	0.992928	0.935941
CECR7	0.958238	0.983464	0.975129
ANKRD7	0.641049	0.972843	0.581248
ANKRD1	0.851973	0.797516	0.176357
IGHV3-19	0.984735	0.959803	0.986556
IGHV3-15	0.974568	0.965463	0.950537
IGHV3-11	0.988729	0.970672	0.95432
IGHV3-13	0.789256	0.711961	0.977391
KCNH8	0.357874	0.644185	0.743817
SLC28A1	0.953257	0.978071	0.990827
MYCN	0.9877	0.272943	0.305929
PARPBP	0.525809	0.981005	0.305929
TK1	0.733607	0.797516	0.967053
KRT18P8	0.992571	0.990916	0.964171
CELSR3	0.75572	0.43424	0.097653
LRRC32	0.722553	0.86271	0.989262
SLC26A4-AS1	0.955702	0.95185	0.982743
CCDC169	0.973987	0.98837	0.992992
SNORA53	0.966247	0.955716	0.97228
LINC00337	0.992007	0.986431	0.99328
C4BPB	0.973349	0.99381	0.935941
PTPN5	0.551235	0.715107	0.950478
FOXO6	0.987782	0.992467	0.969365
CCNO	0.957161	0.995688	0.985235
NCKAP5	0.987715	0.46146	0.30427
KDELR3	0.985524	0.973136	0.986544
IGHV4-55	0.958325	0.988353	0.993292
PIF1	0.36223	0.985566	0.469664
TNXB	0.373794	0.990651	0.141953
LHB	0.789256	0.969153	0.550114
IGKV1-27	0.36223	0.711961	0.829907
ADRA1A	0.980443	0.797516	0.550114
NELL1	0.08456	0.718964	0.004823
SNORD3A	0.988539	0.968117	0.971875
KIF18B	0.959549	0.711961	0.888969
TGM1	0.918958	0.300049	0.469664
ALG1L5P	0.970057	0.960848	0.973858
PPP1R14BP2	0.957001	0.975327	0.981669
PPP1R14BP3	0.989415	0.995549	0.9982
ERCC6L	0.974911	0.996783	0.856559
GRIK2	0.765684	0.998755	0.513416
GRIK4	0.231364	0.974394	0.125128
GREM1	0.99785	0.969763	0.955993
PADI1	0.993939	0.98011	0.962153
PADI4	0.692665	0.655511	0.117716
ZPLD1	0.147379	0.723224	0.288345
ATP6V1C2	0.998519	0.969708	0.993883
CLEC1A	0.961585	0.655511	0.469664
ADAM28	0.97415	0.980245	0.897221
SLC19A3	0.955365	0.979809	0.888969
COL6A4P2	0.982396	0.993281	0.961614
COL6A4P1	0.994652	0.971467	0.974187
SBK1	0.975042	0.272943	0.176357
CDC20	0.180977	0.995425	0.18763
LINC00589	0.981175	0.951217	0.973841
ANGPTL7	0.981104	0.963429	0.981382
ANGPTL5	0.129801	0.974085	0.037189
ANGPTL3	0.789256	0.95163	0.982054
ANGPTL1	0.958635	0.797516	0.990254
MMP10	0.641049	0.996783	0.897221
MMP11	0.960624	0.985775	0.731554
MMP12	0.972118	0.97698	0.991216
MMP13	0.424078	0.963118	0.115574
MMP19	0.987541	0.996783	0.856559
KCNK12	0.967778	0.986422	0.95338
KCNK10	0.067833	0.296304	0.401284
TCN1	0.851973	0.996783	0.952192
ALG1L	0.789256	0.953609	0.550114
IL37	0.968137	0.955211	0.731554
IL33	0.991345	0.797516	0.305929
NKPD1	0.955429	0.797516	0.550114
CAMK2N2	0.733607	0.797516	0.975291
PLA2G1B	0.956152	0.963394	0.972025
IGHV4-34	0.984799	0.978986	0.982162
DNAH9	0.961113	0.463489	0.243323
GPR17	0.999187	0.272943	0.103778
CKAP2L	0.918958	0.563122	0.829907
IGKV2-26	0.965732	0.978301	0.969622
IGKV2-28	0.966889	0.968128	0.994931
IGKV2-29	0.966206	0.96504	0.970518
IGKJ5	0.957555	0.994797	0.963884
SNORA12	0.950524	0.990764	0.990774
MEIOB	0.978863	0.99828	0.980932
UCHL1	0.966923	0.961894	0.983706
LINC00624	0.997213	0.974375	0.951683
LINC00629	0.99662	0.998952	0.967015
STOML3	0.254451	0.451554	0.897221
SIGLEC11	0.878813	0.951242	0.540926
HMMR	0.36223	0.711961	0.829907
DCC	0.313849	0.064599	0.000759
IL17C	0.986595	0.977395	0.974867
CHRDL1	0.130062	0.132538	0.989025
AOC1	0.266707	0.962497	0.176414
IGHE	0.967474	0.973455	0.959809
LPO	0.36223	0.711961	0.829907
LPL	0.525809	0.977965	0.305929
JAM2	0.95595	0.977164	0.731554
KIF14	0.147379	0.968212	0.075079
KIF15	0.95417	0.994258	0.998076
KIF17	0.424078	0.984052	0.233816
KIF11	0.981592	0.981096	0.731554
LINC00862	0.953496	0.970481	0.999095
ASCL1	0.952717	0.998508	0.971908
LINC00866	0.986458	0.958937	0.960513
IGF2BP3	0.996134	0.980828	0.829907
CD101	0.525809	0.711961	0.966113
NLRP11	0.967773	0.43424	0.288345
SGK2	0.985111	0.969275	0.963115
TRIM71	0.851973	0.996017	0.469664
GPD1	0.951756	0.797516	0.984664
NEFL	0.980845	0.967761	0.985294
NEFH	0.989527	0.996783	0.97545
SLC28A2	0.980278	0.954635	0.984754
NRG3	0.263477	0.935081	0.060293
PSAT1	0.981859	0.711961	0.888969
OTX1	0.953808	0.976381	0.969179
IGHV6-1	0.998683	0.969212	0.731554
SHISA8	0.972466	0.951164	0.992005
HMGA2	0.733607	0.996534	0.935941
HMGA1	0.993418	0.989891	0.973083
GGT4P	0.950546	0.961976	0.964084
IQSEC3	0.617354	0.622035	0.997661
DCST2	0.968169	0.272943	0.176357
DCST1	0.525809	0.96722	0.731554
NPC1L1	0.585676	0.835037	0.159592
CD93	0.180977	0.198262	0.965667
RGS7	0.951749	0.990147	0.942399
STK32A	0.992568	0.970219	0.959704
IGKV2OR22-3	0.964459	0.955543	0.964583
IGKV2OR22-4	0.971439	0.981804	0.986633
MYO18B	0.889537	0.504402	0.206137
PITX2	0.254451	0.711961	0.581248
PITX1	0.968948	0.971009	0.992071
MMRN2	0.918958	0.300049	0.469664
MMRN1	0.494805	0.428874	0.042308
IGLON5	0.969478	0.272943	0.305929
CD36	0.957373	0.797516	0.305929
OR52K3P	0.988269	0.991659	0.952256
ACADL	0.36223	0.985386	0.469664
ADAMTS14	0.469938	0.987164	0.510188
ADAMTS16	0.313849	0.718964	0.047973
FCGR3B	0.641049	0.978212	0.581248
TDRD1	0.956528	0.055636	0.073646
RBP2	0.789256	0.990096	0.957173
RBP4	0.990014	0.958619	0.977254
RHOV	0.992014	0.976566	0.954941
RASGRF1	0.254451	0.969941	0.29785
HIGD1B	0.966748	0.985337	0.986431
IGHV4-61	0.554152	0.655511	0.956993
NPR1	0.968982	0.978273	0.968927
TMEM184A	0.977451	0.797516	0.550114
HOXB8	0.957157	0.95576	0.986363
HOXB9	0.972057	0.797516	0.963871
HOXB7	0.733607	0.797516	0.971506
SPDEF	0.979886	0.98888	0.951864
GYG2	0.951769	0.977621	0.99561
UBE2Q1-AS1	0.981381	0.984788	0.956984
TWIST1	0.990075	0.957714	0.999807
EN2	0.976124	0.956541	0.951275
CYP4B1	0.129801	0.964269	0.037189
COL25A1	0.970833	0.893286	0.600381
SMCO2	0.957568	0.976306	0.979323
IGHA2	0.851973	0.982571	0.469664
ST8SIA6	0.10938	0.723224	0.203775
ST8SIA2	0.95233	0.958444	0.951582
BTBD16	0.961932	0.272943	0.305929
MAST1	0.970561	0.835037	0.897221
IL23A	0.951195	0.994356	0.98351
TOP2A	0.685266	0.835037	0.989144
SGCG	0.962432	0.95731	0.973399
SGCA	0.954889	0.990648	0.731554
NPW	0.986284	0.968479	0.955612
EMCN	0.999252	0.797516	0.550114
LHX2	0.968108	0.797516	0.98512
VEGFD	0.998798	0.978417	0.961619
COL2A1	0.559627	0.068038	0.233816
EGLN3	0.851973	0.797516	0.176357
ADCYAP1R1	0.147379	0.975128	0.075079
IGLV5-37	0.995402	0.969075	0.935941
DPP10	0.968168	0.546346	0.658783
CENPK	0.956403	0.797516	0.988217
CENPI	0.950295	0.956911	0.829907
CENPF	0.550238	0.718964	0.133028
CENPE	0.96457	0.715107	0.401284
CENPA	0.789256	0.986355	0.550114
UCA1	0.983811	0.985371	0.96721
IGHV3OR16-13	0.952259	0.987238	0.961679
IGHV3OR16-11	0.990598	0.996047	0.957648
GREB1	0.469938	0.980372	0.510188
ARSH	0.871654	0.655511	0.18763
KRTAP5-1	0.851973	0.982302	0.469664
PRR5-ARHGAP8	0.985063	0.958613	0.989632
EZH2	0.871654	0.655511	0.18763
NR4A3	0.918958	0.300049	0.469664
AC020907.1	0.957579	0.98151	0.985634
LINC00943	0.959497	0.990247	0.995352
CDK5R2	0.963755	0.980986	0.99772
EPHB2	0.988455	0.950908	0.954348
MELK	0.733607	0.797516	0.985949
RASIP1	0.685266	0.563122	0.965223
SH3GL3	0.641049	0.966016	0.29785
SH3GL2	0.878813	0.993201	0.856559
SULT1C4	0.733607	0.797516	0.977754
GPA33	0.093641	0.711961	0.176414
INA	0.789256	0.985565	0.964957
SPAG5	0.180977	0.971789	0.061861
RN7SKP97	0.97387	0.954502	0.963469
TMEM132C	0.979884	0.963619	0.935941
TENM1	0.106375	0.816893	0.139085
GAD1	0.969614	0.961387	0.956154
ODF3L1	0.976455	0.962103	0.957472
STEAP1	0.973697	0.711961	0.888969
ARHGEF26	0.789256	0.711961	0.982963
SPTSSB	0.972015	0.974224	0.961941
IGLV4-60	0.983796	0.797516	0.550114
IGLV4-69	0.733607	0.797516	0.959114
IGKJ1	0.967457	0.990994	0.997837
IGKJ3	0.957573	0.960587	0.960699
IGKJ4	0.956627	0.994516	0.935941
RXRG	0.951648	0.986569	0.983709
IGHV3-20	0.967738	0.956441	0.990605
IGHV3-21	0.976452	0.972756	0.980071
IGHV3-22	0.984101	0.996509	0.966096
IGHV3-23	0.789256	0.990952	0.99173
IGLVI-70	0.969003	0.976927	0.969994
ABCA4	0.692665	0.964849	0.26647
ABCA3	0.878813	0.997571	0.856559
SCN8A	0.888366	0.43424	0.141953
NMUR1	0.443438	0.563122	0.954894
IGHV7-27	0.9906	0.99518	0.988727
DERL3	0.983082	0.972308	0.951657
DPEP2	0.989681	0.996783	0.856559
IGLC6	0.99896	0.996226	0.97479
IGLC7	0.975122	0.985412	0.973291
IGLC2	0.950787	0.950542	0.997768
IGLC3	0.957193	0.969437	0.96055
NDC80	0.983513	0.272943	0.305929
WDR86	0.069138	0.099956	0.954856
SFTPD	0.97529	0.960149	0.935941
DUXAP8	0.981157	0.980524	0.996585
DUXAP9	0.96429	0.967818	0.991936
FAM110D	0.960067	0.980767	0.973527
SPTB	0.328066	0.971858	0.288345
CORO2B	0.878813	0.975352	0.856559
CHRNB4	0.685266	0.563122	0.995392
HBEGF	0.95913	0.95661	0.99255
PODNL1	0.99259	0.995132	0.983563
ACY3	0.964389	0.797516	0.305929
BDNF	0.733607	0.797516	0.973347
ETV4	0.975693	0.980851	0.971381
IGHV3OR15-7	0.972919	0.966461	0.974275
TCEAL2	0.953374	0.958311	0.959807
LHFPL3-AS2	0.957329	0.970418	0.974731
SPN	0.965491	0.797516	0.960459
SP5	0.789256	0.955832	0.550114
OVCH2	0.180977	0.997895	0.061861
OVCH1	0.05671	0.938909	0.045288
GAP43	0.878813	0.969637	0.856559
CYP27B1	0.954566	0.999252	0.994463
THSD1	0.129801	0.296304	0.730673
SNORA73B	0.993909	0.968718	0.970996
ATP1A2	0.977475	0.982727	0.832254
KISS1R	0.987667	0.994933	0.981274
GPT2	0.789256	0.958644	0.999807
IGKV3D-20	0.961955	0.956621	0.581248
ALOX12P2	0.984983	0.966556	0.986257
RAC3	0.991922	0.991071	0.964374
CPLX2	0.9618	0.967011	0.988858
CLEC14A	0.266707	0.996783	0.337594
NPTX2	0.479834	0.994532	0.397105
LGALS4	0.965064	0.797516	0.305929
NMU	0.97327	0.972343	0.99355
PRDM12	0.789256	0.970018	0.550114
SPC25	0.789256	0.996085	0.550114
IGLV2-33	0.789256	0.980025	0.957151
FAM155B	0.479834	0.990789	0.18763
PTBP1P	0.953954	0.991432	0.963427
NOVA2	0.966115	0.797516	0.550114
VSX1	0.986486	0.797516	0.305929
DIO2	0.966399	0.835037	0.664542
ATOH7	0.951413	0.988337	0.935941
BHMT2	0.554152	0.655511	0.982816
FAM216B	0.989944	0.966533	0.978282
B3GNT4	0.789256	0.990091	0.982977
B3GNT3	0.789256	0.451554	0.856559
FAM189A2	0.789256	0.961189	0.550114
FAM189A1	0.975985	0.998281	0.991742
KRT79	0.986483	0.835037	0.897221
KRT78	0.974596	0.983185	0.990415
LBX2	0.956169	0.797516	0.977283
SIX2	0.641049	0.982937	0.29785
CRYGN	0.789256	0.984251	0.980218
NMNAT2	0.957469	0.655511	0.469664
NCCRP1	0.789256	0.959989	0.97393
FAM72D	0.972705	0.971201	0.935941
FAM72C	0.96642	0.973901	0.963055
FAM72B	0.965421	0.987698	0.969113
GPRIN1	0.443438	0.97804	0.540926
SLC44A5	0.956111	0.962819	0.968
MSI1	0.971117	0.979087	0.997458
SHOX2	0.918958	0.835037	0.995484
HBB	0.851973	0.962838	0.469664
MUC20	0.950489	0.984935	0.968975
MUC21	0.36223	0.956472	0.469664
TPX2	0.941248	0.130897	0.18763
MFAP3L	0.443438	0.300049	0.959836
SPINK13	0.986515	0.993793	0.935941
ZNF887P	0.99391	0.99286	0.993503
ABI3BP	0.081096	0.263563	0.557248
LEMD1	0.733607	0.797516	0.961102
LGR4	0.685266	0.563122	0.96761
S100A3	0.953037	0.996522	0.959624
S100A2	0.955564	0.976379	0.994842
LRRIQ4	0.554152	0.655511	0.955879
ZNF695	0.979999	0.951739	0.996424
PGAM1P7	0.989033	0.993278	0.99015
IGKV1OR2-3	0.977402	0.964693	0.969487
IGKV1OR2-6	0.978491	0.954048	0.983846
DLL3	0.878813	0.655511	0.996963
LGI2	0.198373	0.996783	0.233816
LGI3	0.525809	0.711961	0.951766
LINC00160	0.997694	0.952209	0.970908
KIF2C	0.851973	0.985462	0.829907
KIF23	0.980561	0.955413	0.888969
TFR2	0.36223	0.964059	0.469664
WNT3A	0.554152	0.979125	0.50545
IGKV2D-40	0.964474	0.986013	0.997385
TMEM88	0.976055	0.977318	0.935941
PLK1	0.954275	0.996783	0.50545
PLK4	0.960223	0.655511	0.29785
POLQ	0.99286	0.796254	0.640171
IGLV6-57	0.985446	0.99048	0.993388
SMC1B	0.443438	0.300049	0.994108
IVL	0.961897	0.98555	0.897221
PHYHIPL	0.985676	0.996783	0.50545
PRSS35	0.851973	0.996783	0.979782
ACVRL1	0.692665	0.984762	0.26647
HEPACAM2	0.479834	0.723224	0.948671
CCNE1	0.525809	0.711961	0.964347
IGHV3OR16-9	0.982639	0.9755	0.969118
VIL1	0.093641	0.956114	0.073646
CPB2	0.525809	0.711961	0.963437
CCM2L	0.986926	0.958114	0.935941
SYNGR3	0.970642	0.989886	0.952044
SYNGR4	0.993429	0.711961	0.888969
ARNTL2	0.479834	0.988755	0.397105
SHCBP1	0.981827	0.959349	0.888969
PSCA	0.969373	0.996342	0.935941
PAEP	0.789256	0.953013	0.550114
KCNE4	0.982299	0.797516	0.550114
PRAM1	0.525809	0.711961	0.970022
SYNDIG1L	0.36223	0.711961	0.829907
IL36RN	0.955417	0.971936	0.959779
UMODL1	0.035875	0.976431	0.017818
PCMTD1P3	0.995263	0.975858	0.957002
BCHE	0.107843	0.536946	0.314375
IGHV2-5	0.789256	0.973072	0.550114
VSIG4	0.984865	0.995025	0.978328
CIT	0.147379	0.996783	0.159592
KCNIP1	0.789256	0.993921	0.991319
MOGAT2	0.443438	0.300049	0.970059
FTCD	0.525809	0.296304	0.83016
IGHV4-59	0.789256	0.954717	0.550114
SPP1	0.851973	0.797516	0.176357
RAB26	0.983473	0.969366	0.99164
GLRA3	0.180977	0.711961	0.397105
NQO1	0.954723	0.98679	0.97732
ZIC2	0.957051	0.968167	0.935941
IGKV1OR22-1	0.991676	0.957003	0.950705
IGKV1OR22-5	0.971766	0.974156	0.963058
LCN12	0.987387	0.981035	0.964821
TNS1	0.941248	0.492166	0.664542
TNS4	0.970925	0.962393	0.987383
FOXB1	0.789256	0.958685	0.550114
OLR1	0.996741	0.655511	0.469664
THPO	0.95282	0.986235	0.962205
IGF2BP1	0.692665	0.967838	0.478866
MROH2A	0.97056	0.956686	0.967581
IGKV1-33	0.964011	0.797516	0.305929
TMEM74	0.851973	0.957215	0.469664
IGKV6D-21	0.878813	0.272943	0.550114
C9orf24	0.989459	0.963806	0.950609
VIPR1	0.99162	0.797516	0.970374
TDRD5	0.980731	0.288662	0.115574
KIF20A	0.984923	0.999592	0.992052
MKI67	0.259792	0.428874	0.942691
LEMD1-AS1	0.961893	0.991798	0.993344
BUB1B	0.981606	0.099956	0.103778
GUCY2C	0.479834	0.996977	0.18763
WTAPP1	0.986897	0.994815	0.997785
CNFN	0.989092	0.959443	0.980067
ADAMTSL3	0.333822	0.996704	0.176831
HAS1	0.525809	0.960872	0.731554
CYP4F11	0.479834	0.797516	0.061861
ROBO4	0.885732	0.288662	0.075079
FGFR4	0.479834	0.992707	0.397105
CXCL2	0.959973	0.967077	0.935941
GCKR	0.969681	0.954264	0.731554
UBE2C	0.977489	0.981235	0.969286
UBE2T	0.969811	0.986525	0.935941
RPLP0P2	0.969851	0.963834	0.97813
BIRC5	0.789256	0.958709	0.550114
AC092535.3	0.983353	0.959902	0.972577
STRA6	0.991868	0.950419	0.731554
SUSD2	0.952008	0.984871	0.992283
SLC5A12	0.585676	0.835037	0.159592
ANKRD34B	0.955932	0.655511	0.731554
UNC45B	0.962612	0.43424	0.401284
ESPN	0.878813	0.272943	0.550114
IGKV1D-39	0.972182	0.96699	0.975774
IGKV1D-33	0.525809	0.988023	0.305929
ARHGEF15	0.966197	0.996783	0.996583
SLC39A8	0.980505	0.797516	0.977691
SLC39A5	0.789256	0.953686	0.550114
RET	0.049281	0.198262	0.458486
TMEM63C	0.984385	0.965654	0.888969
CA9	0.973213	0.655511	0.469664
CA3	0.97531	0.972331	0.962551
OGN	0.525809	0.987281	0.305929
IGHV3-79	0.975091	0.990759	0.953207
IGHV3-73	0.950003	0.797516	0.550114
IGHV3-71	0.999366	0.995074	0.986207
IGHV3-75	0.958801	0.991776	0.965852
IGHV3-74	0.967097	0.958346	0.985183
SEMA5A	0.889682	0.62416	0.806379
TMEM132A	0.851973	0.996783	0.990062
PECAM1	0.963068	0.983516	0.984496
GIMAP8	0.996215	0.977555	0.983883
GIMAP6	0.544349	0.958517	0.176414
GIMAP1	0.685266	0.835037	0.992854
IGKV1OR2-108	0.970789	0.970087	0.982295
TAL1	0.641049	0.797516	0.103778
CCDC85A	0.981228	0.099956	0.037189
MYCT1	0.789256	0.451554	0.856559
PNCK	0.789256	0.975166	0.985619
PLXNB3	0.469938	0.563122	0.048432
FSD1	0.685266	0.970568	0.83016
ARHGAP11A	0.918958	0.835037	0.995995
MFAP4	0.962961	0.797516	0.550114
GYPE	0.959179	0.968656	0.976041
TNFSF11	0.525809	0.989354	0.305929
DIRAS1	0.951039	0.964013	0.998401
ASPA	0.525809	0.956218	0.305929
WNK2	0.266707	0.963458	0.176414
FABP7	0.957689	0.711961	0.409234
FABP4	0.985011	0.797516	0.961115
AKR1C1	0.733607	0.996825	0.935941
IGLV3-10	0.979992	0.953416	0.995258
IGLV3-12	0.962072	0.950538	0.980695
IGLV3-16	0.996531	0.797516	0.970993
IGLV3-19	0.967581	0.988988	0.971156
GRIA1	0.358081	0.996783	0.478866
IGKV1OR2-11	0.959724	0.966877	0.951163
TLX2	0.996886	0.960986	0.991596
ADH1B	0.982105	0.296304	0.278126
SLC30A2	0.969849	0.958846	0.979431
RSPO2	0.254451	0.711961	0.581248
RSPO1	0.641049	0.972126	0.581248
IGKV3D-11	0.999097	0.953491	0.83016
IGKV3D-15	0.641049	0.797516	0.103778
CDC37P2	0.955865	0.9572	0.999671
TUBB1	0.525809	0.970446	0.731554
OLFM4	0.885732	0.994337	0.972966
EFNA4	0.953979	0.961085	0.935941
EFNA3	0.968139	0.990225	0.935941
EFNA2	0.967741	0.979319	0.955381
HELLPAR	0.956213	0.977425	0.979549
TFPI2	0.789256	0.97255	0.951075
RNF103-CHMP3	0.986825	0.958706	0.970599
CHGB	0.198373	0.996783	0.233816
RN7SKP173	0.967474	0.967362	0.972039
FOLR3	0.965359	0.797516	0.305929
PALMD	0.957529	0.988306	0.97814
CBLC	0.969428	0.977961	0.989412
PTTG1	0.789256	0.98843	0.550114
CDC45	0.733607	0.990126	0.935941
GFAP	0.987585	0.655511	0.29785
STEAP1B	0.525809	0.967248	0.305929
CD300C	0.525809	0.960219	0.731554
EPHX3	0.733607	0.974005	0.935941
EPHX4	0.554152	0.951527	0.888969
ARHGAP31	0.551235	0.288662	0.829907
LYVE1	0.974385	0.797516	0.981351
CACNA1I	0.989371	0.246513	0.141953
CACNA1B	0.207892	0.138218	0.000864
CACNA1E	0.007513	0.341106	8e-06
BMP8A	0.985791	0.962998	0.935941
SLC15A1	0.479834	0.951146	0.397105
IGLV1-40	0.95159	0.797516	0.974635
IGLV1-41	0.972274	0.996425	0.993839
IGLV1-44	0.995844	0.993009	0.952951
IGLV1-47	0.985865	0.989127	0.980077
CASP1P2	0.98526	0.971911	0.978977
PAX9	0.218109	0.272943	0.984755
DSG3	0.187707	0.969819	0.135187
IMPDH1P8	0.997445	0.966959	0.953491
C2orf91	0.969625	0.9765	0.974879
HBA1	0.961795	0.98846	0.976068
MUC5B	0.433054	0.980581	0.241006
HBA2	0.733607	0.976207	0.935941
FFAR4	0.975307	0.970046	0.953388
NUP210L	0.049281	0.134293	0.658783
OVOL1	0.789256	0.980315	0.962629
CCDC141	0.358081	0.263563	0.973804
RAET1K	0.95588	0.992478	0.989817
TUBB4A	0.692665	0.916966	0.990595
CCBE1	0.97312	0.711961	0.888969
ST8SIA6-AS1	0.983945	0.994443	0.950911
GJB3	0.733607	0.797516	0.971658
GJB2	0.974401	0.973515	0.962727
GJB5	0.983624	0.272943	0.305929
GJB6	0.99872	0.99793	0.935941
FOXI3	0.965695	0.955868	0.955105
SLIT3	0.473052	0.124777	0.458486
SLIT2	0.494805	0.860704	0.176831
CDKN2A	0.871654	0.706544	0.985444
GPIHBP1	0.554152	0.655511	0.982612
NME1	0.994658	0.981291	0.996784
FREM3	0.96787	0.955999	0.956054
CYP4F3	0.093641	0.451554	0.337594
VSTM2L	0.996525	0.992408	0.99438
GSTM5	0.963341	0.963488	0.987703
CPT1B	0.789256	0.966064	0.986836
MCM4	0.74882	0.492166	0.897221
DUSP13	0.981235	0.991721	0.998433
OPRD1	0.952454	0.711961	0.409234
PKMYT1	0.985298	0.959486	0.983945
TF	0.067833	0.198262	0.60693
ANKRD18B	0.992656	0.958131	0.979978
ANKRD18A	0.963262	0.98194	0.997408
SH2D5	0.851973	0.961237	0.469664
SH2D6	0.97355	0.950588	0.99712
SLC25A48	0.218109	0.272943	0.997132
ADTRP	0.972787	0.993879	0.981275
MNX1	0.254451	0.972731	0.29785
P4HA3	0.958132	0.797516	0.550114
IL5RA	0.641049	0.987515	0.581248
STRIP2	0.878813	0.655511	0.994246
PEAR1	0.067833	0.296304	0.401284
VEPH1	0.641049	0.998062	0.581248
PROC	0.956368	0.272943	0.103778
MYBPC1	0.147152	0.984843	0.01981
TBX15	0.959721	0.268504	0.233816
CCNB2	0.979413	0.960854	0.965889
CCNB1	0.733607	0.974039	0.935941
FEZF1-AS1	0.992214	0.958005	0.950029
DDN	0.871654	0.655511	0.18763
ERN2	0.722553	0.300049	0.045974
RIMBP2	0.652207	0.385406	0.060293
IGKV6-21	0.254451	0.711961	0.581248
ECEL1	0.918958	0.300049	0.469664
TERT	0.525809	0.991452	0.731554
SYNPO2L	0.36223	0.980864	0.469664
PKD1L2	0.479834	0.723224	0.948671
PNMA3	0.554152	0.992029	0.888969
PNMA5	0.36223	0.711961	0.829907
PCOLCE2	0.955373	0.988543	0.829907
CNTNAP2	0.793737	0.111747	0.017388
DPEP1	0.981735	0.996783	0.989623
MAP7D2	0.479834	0.797516	0.061861
HORMAD1	0.554152	0.655511	0.960538
OR2B6	0.685266	0.300049	0.731554
GABBR2	0.963544	0.300049	0.18763
SSTR1	0.36279	0.288662	0.990159
SOX11	0.999364	0.96355	0.950707
SOX17	0.965721	0.955715	0.990741
HES6	0.960461	0.982831	0.935941
IGHV1-58	0.957178	0.655511	0.469664
PPFIA4	0.36279	0.130897	0.731554
TM4SF4	0.974413	0.997791	0.986643
HGD	0.789256	0.999145	0.550114
CILP	0.129801	0.198262	0.990595
PKP1	0.983234	0.563122	0.581248
METTL7B	0.970069	0.797516	0.988373
OACYLP	0.979109	0.961261	0.950193
TNNI3	0.878813	0.655511	0.992117
FOXA3	0.981765	0.983212	0.999669
LBP	0.36223	0.957264	0.469664
INSM1	0.985774	0.998211	0.731554
GAL	0.990916	0.974508	0.953653
LINC00887	0.974531	0.993452	0.967527
PDIA2	0.36223	0.9654	0.176357
DACH1	0.885732	0.715107	0.288345
MUC2	0.652207	0.546346	0.109682
MUC6	0.081096	0.996783	0.071797
MUC4	0.941248	0.715107	0.948671
ADRB2	0.969626	0.711961	0.409234
DNASE1L3	0.36223	0.972244	0.176357
HPDL	0.964092	0.797516	0.960288
CTHRC1	0.733607	0.797516	0.961113
UCN2	0.968287	0.976496	0.964521
TRIM10	0.358081	0.965352	0.117716
TRIM17	0.968434	0.797516	0.305929
AKR1C2	0.36223	0.966179	0.176357
AKR1C3	0.525809	0.994098	0.731554
NXPH3	0.973176	0.989016	0.989229
NXPH4	0.988572	0.981018	0.988879
ELAVL2	0.067833	0.711961	0.115574
CAMP	0.986245	0.797516	0.305929
C1orf220	0.990725	0.988342	0.951607
LYPD6B	0.996875	0.995739	0.974951
AC024940.1	0.984902	0.986551	0.983398
XDH	0.692665	0.916966	0.990595
PPBP	0.789256	0.958592	0.550114
DDIT4L	0.968299	0.979427	0.956094
SLC16A14	0.789256	0.953422	0.960813
SPINK1	0.975232	0.979917	0.960422
HAVCR1	0.983311	0.655511	0.29785
IL22RA2	0.254451	0.987936	0.103778
PTGES	0.974277	0.955628	0.98211
ANKRD29	0.789256	0.96828	0.550114
SOHLH2	0.851973	0.975236	0.469664
CA4	0.789256	0.711961	0.972597
UHRF1	0.96117	0.978517	0.965037
CELF5	0.950064	0.97496	0.986938
CELF3	0.978831	0.981688	0.888969
PTX3	0.968355	0.797516	0.97428
RAI2	0.999888	0.977931	0.581248
RSPO4	0.989001	0.990322	0.988142
EXO1	0.692665	0.957237	0.478866
AGMAT	0.990966	0.451554	0.192568
EPAS1	0.358081	0.996783	0.478866
ALOX15	0.990563	0.975343	0.995955
SEMA6D	0.748071	0.116147	0.212204
SEMA6A	0.266707	0.519206	0.785456
ASF1B	0.968368	0.797516	0.99977
IGHV4-80	0.997078	0.989272	0.965767
DUXAP10	0.995474	0.95233	0.988895
IGHV7-81	0.554152	0.655511	0.979496
SLC25A5P5	0.976416	0.976052	0.969793
OGDHL	0.082816	0.536946	0.240514
PI16	0.965286	0.996783	0.50545
MCIDAS	0.955463	0.965221	0.950738
RXFP1	0.617354	0.622035	0.99407
SOX21-AS1	0.989144	0.997463	0.989838
HGFAC	0.358081	0.797516	0.037189
TMPRSS4	0.984459	0.992876	0.997966
FAM83B	0.856505	0.56576	0.784108
FAM83A	0.97799	0.797516	0.305929
FAM83D	0.878813	0.957989	0.971622
NEK2	0.980091	0.970761	0.964612
SCG5	0.789256	0.996396	0.550114
IGHV1-24	0.525809	0.987879	0.305929
COLEC10	0.525809	0.97327	0.731554
AKAP14	0.733607	0.951706	0.935941
AKR7L	0.955798	0.968974	0.991922
ALG1L2	0.994153	0.977267	0.960185
PTPN21	0.981979	0.989145	0.985464
ADAMTS1	0.885732	0.288662	0.075079
ADAMTS8	0.975311	0.451554	0.50545
CDH5	0.964396	0.099956	0.061861
NETO1	0.428688	0.482976	0.995743
CILP2	0.951328	0.835037	0.478866
FGD5	0.373794	0.985823	0.387414
SLC5A9	0.443438	0.300049	0.981545
CARD14	0.36223	0.711961	0.829907
SLC6A3	0.36223	0.972714	0.469664
C12orf56	0.789256	0.967161	0.550114
GRM4	0.918958	0.98956	0.971269
IGLV3-21	0.967889	0.958616	0.969416
IGLV3-25	0.989833	0.993248	0.97179
EPN3	0.988759	0.97357	0.989138
FGF20	0.989311	0.960445	0.993347
YWHAEP7	0.978365	0.955616	0.965704
ECT2	0.991853	0.976015	0.731554
NECAB1	0.789256	0.951828	0.550114
PVT1	0.982365	0.973176	0.99402
SPOCK1	0.994294	0.95351	0.897221
SPOCK2	0.789256	0.951289	0.550114
SLC5A5	0.878813	0.272943	0.550114
GRHL3	0.36223	0.711961	0.829907
GCLC	0.358081	0.952873	0.26647
ALB	0.641049	0.994453	0.29785
LILRA5	0.685266	0.300049	0.731554
AK4P1	0.967585	0.978766	0.988136
KIRREL2	0.788761	0.268504	0.478866
TGFBR3	0.147152	0.960659	0.01981
SRMS	0.918958	0.563122	0.829907
MLLT11	0.98072	0.964096	0.953071
LINC00519	0.973918	0.983164	0.955565
LINC00511	0.99927	0.98325	0.966123
SOX7	0.958793	0.099956	0.061861
INHBE	0.525809	0.967407	0.305929
TSHR	0.985238	0.957272	0.730673
SH2D3C	0.443438	0.993467	0.326812
CDA	0.789256	0.996922	0.550114
ABCC2	0.067833	0.451554	0.233816
ABCC3	0.990359	0.099956	0.061861
IGHV1OR21-1	0.614555	0.492166	0.071797
ENPP3	0.129801	0.296304	0.730673
UPK3B	0.9685	0.988265	0.963786
UPK3A	0.525809	0.990876	0.305929
TMPRSS11E	0.328066	0.979852	0.159592
COX4I2	0.971123	0.976261	0.972831
TMEM212	0.99497	0.992604	0.951041
MCM10	0.941248	0.288662	0.397105
IGFBPL1	0.525809	0.965414	0.305929
SIX1	0.974799	0.797516	0.550114
CFHR3	0.692665	0.972731	0.26647
TMEM145	0.358081	0.723224	0.730673
RTKN2	0.36223	0.952274	0.176357
FER1L4	0.997246	0.95991	0.990434
SMOC1	0.198373	0.956389	0.115574
MYBL2	0.358081	0.797516	0.037189
TTC3-AS1	0.955553	0.982975	0.990063
HABP2	0.851973	0.984959	0.469664
NDRG4	0.525809	0.998534	0.731554
HMGB2P1	0.966631	0.995058	0.989136
TTYH1	0.953723	0.967804	0.977384
IGKV1-39	0.97243	0.989409	0.976983
HNF4G	0.36223	0.451554	0.988187
HNF4A	0.692665	0.535884	0.973804
HELLS	0.789256	0.711961	0.965839
FSIP2	0.180332	0.685919	0.367964
IGHV5-51	0.851973	0.964985	0.469664
ANGPT1	0.180977	0.711961	0.397105
ANGPT4	0.266707	0.952447	0.176414
IGLV2-14	0.218109	0.272943	0.968811
IGLV2-18	0.525809	0.963587	0.731554
SCARA5	0.878813	0.964119	0.540926
USH1C	0.469938	0.835037	0.107603
KBTBD12	0.36223	0.973211	0.176357
FPR2	0.977715	0.655511	0.469664
IGKV1-5	0.180977	0.134293	0.954843
IGKV1-6	0.525809	0.953601	0.731554
IGKV1-8	0.99776	0.272943	0.176357
IGKV1-9	0.95419	0.655511	0.731554
FRMD5	0.997109	0.994903	0.965111
PKNOX2	0.871654	0.98608	0.664542
FRMD3	0.985224	0.996783	0.979906
PRX	0.956414	0.97736	0.986451
SPDYE3	0.525809	0.990754	0.305929
TMEM59L	0.554152	0.967427	0.888969
NKX3-2	0.443438	0.099956	0.550114
CPNE7	0.254451	0.711961	0.581248
CPNE4	0.424078	0.980453	0.233816
DNMT3B	0.98603	0.971921	0.994475
ESPL1	0.991403	0.996783	0.963948
SULT4A1	0.525809	0.994753	0.731554
C20orf202	0.958303	0.983361	0.952992
COL10A1	0.918958	0.300049	0.469664
CHKB-CPT1B	0.97346	0.995819	0.973847
RS1	0.97969	0.993182	0.991944
E2F7	0.479834	0.370583	0.977323
E2F2	0.851973	0.797516	0.176357
E2F8	0.975796	0.997162	0.731554
SNORA22	0.999762	0.994432	0.989803
PYCR1	0.980647	0.977236	0.935941
IL36G	0.958363	0.655511	0.469664
LIPN	0.525809	0.96292	0.305929
CD300LG	0.36223	0.711961	0.829907
FEZ1	0.20167	0.130897	0.975776
ZG16B	0.951076	0.797516	0.550114
FOXD1	0.733607	0.797516	0.965808
C11orf91	0.952173	0.966466	0.978063
WDR38	0.733607	0.996783	0.192568
ASPHD1	0.878813	0.999428	0.960049
ACHE	0.789256	0.972946	0.993016
PRB3	0.99683	0.973764	0.98236
GDA	0.96831	0.967473	0.966014
PTPRQ	0.964311	0.975432	0.970878
PTPRB	0.020856	0.685919	0.029688
PTPRN	0.74207	0.935081	0.339539
PTPRH	0.981423	0.246513	0.141953
SAA2	0.971909	0.983755	0.960983
LINC00857	0.996092	0.968553	0.961094
AUNIP	0.986476	0.98363	0.979925
CDC6	0.525809	0.977818	0.305929
FGF2	0.789256	0.986168	0.550114
LTBP4	0.641049	0.797516	0.103778
ECEL1P2	0.99137	0.97495	0.952631
SLC25A10	0.969882	0.970034	0.731554
VIT	0.129801	0.198262	0.990595
TMEM88B	0.978889	0.991882	0.974274
COX6B2	0.960672	0.950852	0.967122
CLDN9	0.950106	0.986299	0.996727
CLDN5	0.968084	0.99168	0.957056
CLDN6	0.957082	0.956964	0.975864
LGALS7B	0.98365	0.973451	0.992451
SNX22	0.95399	0.972747	0.962853
PANX2	0.959507	0.98186	0.979176
ZBTB16	0.998073	0.982339	0.984743
C1orf158	0.789256	0.998432	0.550114
LINC00460	0.988934	0.967788	0.953191
ACMSD	0.525809	0.981524	0.305929
CRLF1	0.641049	0.978571	0.29785
TNFRSF18	0.733607	0.797516	0.961605
CHODL	0.641049	0.957321	0.29785
CLEC3B	0.97604	0.999691	0.986244
AMBP	0.980145	0.996783	0.50545
CYP2F1	0.951948	0.982417	0.935941
VWFP1	0.98354	0.955769	0.982167
MIR4653	0.957632	0.989495	0.999626
IGKV2D-30	0.988887	0.957027	0.829907
MEG8	0.986257	0.984504	0.988375
IL31RA	0.049281	0.711961	0.075079
IGLV9-49	0.974599	0.991628	0.997518
CALCA	0.871654	0.272943	0.061861
CALCB	0.976907	0.797516	0.963391
IGLV2-8	0.984214	0.958591	0.988355
CKM	0.970519	0.711961	0.888969
IGLV2-5	0.991566	0.988211	0.980335
ARHGAP6	0.885732	0.492166	0.159592
ANXA10	0.99028	0.986226	0.964451
CD79A	0.985295	0.954907	0.95861
CATSPERD	0.254451	0.451554	0.897221
CATSPERB	0.952547	0.963741	0.986579
FAM178B	0.982184	0.950757	0.954917
TRHDE	0.991785	0.718964	0.432172
HOXC9	0.789256	0.997086	0.550114
HOXC8	0.733607	0.999858	0.935941
IGHV7-4-1	0.977941	0.951221	0.995146
IGLJ2	0.986939	0.996676	0.994135
IGKV3OR2-268	0.979124	0.994401	0.997425
CXCL13	0.997927	0.976584	0.935941
CXCL14	0.988124	0.987563	0.935941
HCN1	0.696256	0.305043	0.054178
HCN2	0.986777	0.98888	0.998977
GOLGA7B	0.989324	0.991224	0.971487
SIM2	0.851973	0.999873	0.469664
MEX3A	0.954822	0.797516	0.957257
MIR5195	0.997091	0.96461	0.98626
TEK	0.554152	0.990623	0.888969
DEPDC1	0.992966	0.519206	0.326812
DEPDC7	0.554152	0.272943	0.979074
STXBP6	0.959524	0.797516	0.305929
S1PR1	0.180977	0.451554	0.664542
DMBX1	0.969739	0.835037	0.478866
PRKCG	0.081096	0.974937	0.031056
SNORA14B	0.971461	0.951777	0.97985
IGHV4-31	0.959762	0.950005	0.731554
STIL	0.254451	0.451554	0.897221
FAM162B	0.974806	0.991143	0.976783
IL6	0.789256	0.999738	0.550114
RAMP1	0.959181	0.988912	0.935941
RAMP3	0.982204	0.97621	0.935941
RAMP2	0.990448	0.964629	0.966197
CENPU	0.959294	0.797516	0.550114
CGREF1	0.989938	0.797516	0.550114
MTHFD1P1	0.957887	0.967414	0.988103
ANLN	0.067833	0.711961	0.115574
GDF10	0.111709	0.966205	0.012577
MYH16	0.978348	0.974757	0.959661
IGHV3OR16-12	0.981738	0.968324	0.967163
IGHV3OR16-15	0.967528	0.990281	0.975469
CGNL1	0.988148	0.994663	0.996928
LINC00543	0.960582	0.972971	0.969782
IGKV1D-17	0.998608	0.563122	0.397105
IGKV1D-16	0.067833	0.296304	0.401284
IGKV1D-13	0.733607	0.519206	0.046776
IGKV1D-12	0.685266	0.300049	0.731554
SLC9A2	0.198373	0.962	0.045974
SLC9A3	0.878813	0.916966	0.326812
ARHGEF39	0.96436	0.964522	0.935941
TBX4	0.295067	0.300049	0.006858
FAP	0.953959	0.130897	0.117716
C1QL1	0.976497	0.977148	0.963581
SCN7A	0.75572	0.954341	0.432172
IGHV3-53	0.358081	0.97915	0.117716
IGHV3-52	0.997895	0.998602	0.96066
SEMA3G	0.789256	0.994949	0.550114
DDX11-AS1	0.988065	0.974592	0.960993
SNORD14E	0.962741	0.960238	0.995758
C20orf85	0.966367	0.975883	0.888969
C1QTNF6	0.958321	0.958941	0.987673
C17orf78	0.36223	0.990473	0.176357
PRR11	0.977497	0.988334	0.957582
LINC00032	0.955582	0.999894	0.959664
HNRNPA1P27	0.954093	0.958771	0.958226
SRGAP3-AS2	0.975575	0.990711	0.972391
A2ML1	0.263477	0.935081	0.060293
MYOC	0.049281	0.296304	0.288345
ERVH48-1	0.971376	0.957102	0.985582
INSRR	0.313849	0.546346	0.025548
FOSB	0.984293	0.973723	0.958671
MYT1	0.977581	0.816701	0.510188
TCF24	0.962335	0.987515	0.978484
TMEM171	0.970378	0.969713	0.98848
APOLD1	0.979826	0.797516	0.955692
IGLV3-1	0.967115	0.965505	0.956287
IGLV3-9	0.789256	0.974844	0.978399
S100P	0.989586	0.99501	0.993684
CASP12	0.963941	0.98186	0.966564
CYP27C1	0.789256	0.954603	0.992897
DQX1	0.851973	0.974909	0.829907
HSF2BP	0.954512	0.951036	0.99398
DLC1	0.063732	0.535884	0.182491
ORC6	0.789256	0.951139	0.550114
ORC1	0.998629	0.961841	0.964519
SBSN	0.958797	0.563122	0.397105
CNTFR	0.525809	0.983529	0.731554
BARX2	0.976702	0.977362	0.988216
CABYR	0.851973	0.797516	0.176357
BARX1	0.961102	0.971204	0.979576
ADAMTS9-AS1	0.987497	0.95101	0.982153
PGLYRP1	0.789256	0.992439	0.550114
ACRV1	0.99395	0.797516	0.982828
RN7SL674P	0.955937	0.985387	0.950762
PGLYRP4	0.180977	0.969036	0.061861
RGS20	0.878813	0.952253	0.99022
RECQL4	0.525809	0.711961	0.976774
SAA1	0.965129	0.998659	0.953359
C20orf197	0.789256	0.954711	0.958355
CHEK1	0.554152	0.655511	0.951293
GINS2	0.99628	0.985551	0.971812
GINS1	0.996017	0.968562	0.952835
GINS4	0.525809	0.951555	0.305929
PLD5	0.36223	0.198262	0.807286
C6	0.99117	0.43424	0.288345
CP	0.180977	0.991621	0.18763
PROX1-AS1	0.980387	0.994603	0.950501
CASKIN1	0.358081	0.975112	0.26647
IL7R	0.98631	0.138218	0.071797
SATB2-AS1	0.975814	0.958894	0.952519
FAM131C	0.951063	0.998857	0.976764
IGHV7-56	0.958358	0.99363	0.996327
TRIP13	0.129801	0.451554	0.478866
FGFBP2	0.525809	0.984607	0.305929
TCL6	0.960209	0.958539	0.935941
RPL13AP17	0.961825	0.980757	0.977312
PLEK2	0.999451	0.965702	0.988683
TCTE1	0.525809	0.954297	0.731554
SNORA5A	0.977681	0.969055	0.950562
CLSPN	0.997302	0.300049	0.18763
SLC2A1-AS1	0.966642	0.976932	0.97634
MUC3A	0.722553	0.985481	0.832254
PACSIN1	0.992719	0.996783	0.50545
IGKV5-2	0.36223	0.999151	0.176357
HAL	0.733607	0.972802	0.409234
LRRC71	0.980053	0.989526	0.985794
TRIM31-AS1	0.98704	0.989468	0.99825
SCARNA6	0.984469	0.967359	0.975848
LGSN	0.967247	0.655511	0.731554
IGKV7-3	0.99914	0.961107	0.950483
ANKRD36BP2	0.993537	0.955304	0.982213
TOX3	0.851973	0.797516	0.176357
PCSK1N	0.96959	0.988492	0.98615
PRG4	0.295067	0.987003	0.289023
FAM133A	0.789256	0.97709	0.985884
HNF1A	0.733607	0.988729	0.935941
PROM2	0.36223	0.952083	0.469664
CSF3	0.970651	0.959778	0.957938
CNTN6	0.10938	0.370583	0.510188
SNORD72	0.997134	0.99196	0.960356
CNGA1	0.995812	0.996783	0.856559
CNGA3	0.254451	0.296304	0.972217
AIM2	0.99363	0.655511	0.469664
TRIM31	0.989454	0.797516	0.972207
FAM107A	0.953027	0.969236	0.986091
IQGAP3	0.956528	0.055636	0.073646
TUBA4B	0.958078	0.963415	0.952626
RNF183	0.983553	0.986289	0.935941
MROH6	0.525809	0.99181	0.305929
SYT12	0.218109	0.655511	0.935941
SYT13	0.851973	0.519206	0.807286
SYT16	0.019079	0.960711	0.006858
SYT14	0.266707	0.966248	0.176414
SYT15	0.957705	0.954622	0.966951
NDP	0.999126	0.955911	0.971149
UBE2QL1	0.97146	0.956755	0.956805
MRC1	0.997085	0.979276	0.955663
SPC24	0.977292	0.997722	0.957504
KL	0.358081	0.723224	0.730673
HSPA12B	0.951368	0.519206	0.150534
GPM6A	0.878813	0.975114	0.969957
KIF25-AS1	0.982388	0.971231	0.974801
ABCA8	0.266707	0.723224	0.547716
F5	0.550238	0.961821	0.314375
F7	0.918958	0.300049	0.469664
HTR3A	0.479834	0.996783	0.664542
DYNLRB2	0.789256	0.955125	0.970187
PDZD2	0.328066	0.706544	0.658783
VSIG1	0.878813	0.986312	0.983833
KCND2	0.885732	0.956776	0.873159
TCAM1P	0.957807	0.990625	0.993492
NGEF	0.525809	0.296304	0.83016
LY6D	0.525809	0.973868	0.305929
LY6K	0.971348	0.797516	0.968046
SERPINA5	0.982418	0.835037	0.478866
TSPAN8	0.996973	0.711961	0.888969
IGHV4-28	0.954065	0.797516	0.305929
XKRX	0.979455	0.711961	0.888969
LINC00665	0.991478	0.951213	0.965632
GOLM1	0.997652	0.979734	0.982139
XKR9	0.254451	0.711961	0.581248
CALML3-AS1	0.998175	0.966056	0.967191
HJURP	0.180977	0.979781	0.18763
DOK5	0.967127	0.996783	0.856559
RAB3B	0.973846	0.986722	0.935941
GDNF	0.851973	0.994541	0.469664
PPP2R2C	0.851973	0.995526	0.829907
TTK	0.093641	0.198262	0.785456
MIOX	0.951761	0.797516	0.950109
MYEOV	0.957369	0.976763	0.972706
SRPK3	0.20167	0.130897	0.965547
ITIH5	0.817188	0.893286	0.999483
TONSL	0.685266	0.300049	0.731554
KIF5A	0.954363	0.43424	0.203775
MASP1	0.10938	0.370583	0.510188
CDK1	0.733607	0.797516	0.972912
ECSCR	0.986941	0.962109	0.955462
RAD51	0.966799	0.950529	0.960604
IGKV4-1	0.789256	0.957834	0.985343
ADRB1	0.733607	0.797516	0.994975
SIRPB1	0.223957	0.563122	0.888969
SMPX	0.993808	0.987931	0.935941
C14orf39	0.997186	0.962963	0.993526
RMDN2-AS1	0.991011	0.977722	0.951042
HOXC6	0.989197	0.972124	0.935941
TFF1	0.970205	0.957801	0.988326
ABCC13	0.95519	0.958153	0.958984
ABCC11	0.77316	0.224906	0.0412
DEPDC1B	0.851973	0.797516	0.176357
ANO2	0.991123	0.715107	0.401284
COL3A1	0.292551	0.696014	0.548066
MYZAP	0.970542	0.797516	0.958897
APOBEC3B	0.989637	0.972227	0.992563
C10orf67	0.998085	0.982363	0.954362
SLC1A7	0.789256	0.990851	0.550114
SLC1A1	0.254451	0.992228	0.103778
SLC2A5	0.525809	0.999587	0.305929
FA2H	0.789256	0.960133	0.550114
SLC2A1	0.961719	0.990062	0.96304
CEACAM1	0.99723	0.952498	0.986123
CEACAM5	0.95103	0.272943	0.103778
CEACAM7	0.733607	0.797516	0.974288
CEACAM8	0.959541	0.272943	0.305929
FZD9	0.525809	0.996434	0.731554
NAT8L	0.733607	0.797516	0.950408
FMO2	0.544349	0.977809	0.176414
STX1A	0.954214	0.9814	0.972953
KRT80	0.996565	0.995858	0.731554
KRT81	0.984941	0.966324	0.991882
STX11	0.218109	0.655511	0.935941
STK31	0.479834	0.519206	0.976361
DPP6	0.063329	0.835037	0.003441
BCAN	0.614555	0.492166	0.071797
DUSP9	0.967787	0.655511	0.731554
DUSP4	0.789256	0.981328	0.550114
OR51E1	0.851973	0.797516	0.176357
TRPA1	0.68372	0.776243	0.25549
RHCG	0.479834	0.978488	0.18763
AHNAK2	0.186366	0.463019	0.595805
SCN4A	0.147152	0.401571	0.600381
SCN4B	0.956279	0.956905	0.935941
IGHV3-60	0.993614	0.970315	0.977318
IGHV3-62	0.999275	0.973893	0.992018
IGHV3-64	0.954818	0.996107	0.982064
IGHV3-66	0.525809	0.990588	0.305929
KCNQ5	0.951171	0.563122	0.26647
KCNQ3	0.985627	0.964846	0.992253
UNC5CL	0.36223	0.98045	0.176357
TNNC1	0.973589	0.995737	0.971736
TNNC2	0.96426	0.797516	0.959615
CYP3A7	0.984861	0.797516	0.550114
AFAP1-AS1	0.972726	0.975259	0.953603
LDB2	0.788761	0.43424	0.730673
MYH2	0.2565	0.906464	0.30522
TBX18	0.544349	0.997372	0.176414
PIP5K1B	0.525809	0.711961	0.953676
GPR35	0.479834	0.991186	0.18763
GPR37	0.544349	0.954679	0.337594
TRIM72	0.358081	0.996783	0.478866
RPL23AP77	0.991939	0.959174	0.984452
TRAPPC3L	0.99479	0.975667	0.95586
CLDN10	0.982908	0.974019	0.976736
CLDN18	0.965052	0.953767	0.988478
LINC00707	0.975251	0.999088	0.995803
LINC00702	0.997113	0.979871	0.97162
C1ORF220	0.96852	0.797516	0.550114
GPX3	0.984967	0.971742	0.953058
GPX2	0.956601	0.96476	0.959279
NTS	0.254451	0.990645	0.103778
NTM	0.969913	0.288662	0.176414
ST6GALNAC5	0.358081	0.993807	0.26647
MCHR1	0.992654	0.797516	0.305929
SAPCD2	0.987008	0.993165	0.974476
LINGO1	0.979177	0.991921	0.829907
STYK1	0.960913	0.996586	0.888969
ARC	0.851973	0.797516	0.176357
SFTPA2	0.525809	0.957813	0.731554
SFTPA1	0.641049	0.797516	0.103778
MEGF10	0.139798	0.997279	0.109682
CPS1	0.351144	0.947032	0.405612
IGKV3-20	0.98073	0.962939	0.970769
SELE	0.952087	0.997735	0.973087
RMI2	0.997911	0.972653	0.956015
IGKV1D-43	0.180977	0.711961	0.397105
SLC7A10	0.962866	0.976441	0.987937
SLC7A11	0.955623	0.998421	0.989762
SELP	0.75572	0.958431	0.432172
total_mutations	0.954517	0.975633	0.968932
