Gene	13	12	32
CPHL1P	0.962299	0.956125	0.98106
ITGA8	0.80185	0.150176	0.272278
ARTN	0.952521	0.989503	0.960469
ART4	0.285035	0.998073	0.954326
STAU2-AS1	0.983575	0.960457	0.969251
MSL3P1	0.979091	0.999228	0.989479
RNF182	0.986452	0.953834	0.966347
B3GAT1	0.699823	0.976695	0.953162
GSDMC	0.999041	0.833083	0.908637
DLGAP5	0.697457	0.979436	0.986947
OIP5	0.951454	0.97463	0.974048
MZB1	0.959702	0.164653	0.308243
MSMB	0.285627	0.982759	0.97432
SOX21	0.961531	0.978849	0.967643
HOXA10	0.977543	0.950216	0.989477
GCNT3	0.810142	0.986961	0.964401
CCDC173	0.676598	0.989245	0.955127
PDK4	0.98871	0.977132	0.963947
IGHV1-2	0.865681	0.988515	0.97901
BHLHA15	0.956451	0.998427	0.968964
IGHV4-4	0.96841	0.951624	0.950093
MB	0.998963	0.952183	0.955534
SLC17A9	0.988265	0.187715	0.182266
CYP4A22-AS1	0.978827	0.982879	0.995643
SYT2	0.699823	0.994401	0.981306
SYT5	0.972523	0.974673	0.950027
SYT6	0.750367	0.957943	0.914537
SYT7	0.699823	0.967313	0.953222
IGKV1-12	0.972523	0.833083	0.666255
IGKV1-16	0.971229	0.361029	0.450137
IGKV1-17	0.951964	0.754247	0.914537
BRIP1	0.979782	0.991705	0.962794
ENO3	0.107649	0.968978	0.997888
SNORD94	0.981514	0.982907	0.953015
CNGB1	0.865681	0.833083	0.95288
NKAIN4	0.697457	0.96578	0.996517
NKAIN3	0.974774	0.989973	0.965874
NKAIN1	0.960885	0.966158	0.979273
VGF	0.317855	0.963663	0.991066
WNT3	0.978248	0.952672	0.992915
PACRG	0.086967	0.967839	0.308243
IGHV5-78	0.960092	0.956006	0.962116
KCP	0.963438	0.953375	0.985338
ADAM12	0.151315	0.000762	0.088867
PCSK1	0.958139	0.983111	0.962076
CCNA2	0.972482	0.971659	0.958475
SKA1	0.676598	0.966525	0.953026
SKA3	0.810142	0.978322	0.997869
SVEP1	0.981392	0.078282	0.076342
PHACTR1	0.107649	0.164653	0.982995
ARHGAP40	0.997806	0.980168	0.950452
TNNT1	0.977577	0.450124	0.666255
TESC	0.697457	0.991664	0.99648
AOC3	0.979882	0.000257	0.005521
IGLV1-36	0.810142	0.996475	0.970591
ESPNP	0.998296	0.959409	0.973712
KCNA4	0.976042	0.105044	0.18072
KCNA5	0.997274	0.867262	0.952833
BHMT	0.107649	0.164653	0.962547
PLA2G2C	0.971733	0.963202	0.979686
SPTBN2	0.041564	0.965572	0.978004
IGKV2-30	0.154397	0.053253	0.58689
SERPINB5	0.498666	0.97238	0.976333
SERPINB7	0.994002	0.966098	0.960164
TRIM58	0.000602	0.992096	0.494792
ZNF252P-AS1	0.960449	0.975301	0.955221
GPR146	0.810142	0.986296	0.987723
SLC7A9	0.697457	0.001752	0.000595
IGHV1-45	0.310161	0.985855	0.914537
IGHV1-46	0.975641	0.978389	0.985878
GLIPR2	0.999281	0.998495	0.983831
ACTN2	0.089476	0.079991	0.594624
LINC00634	0.974489	0.975942	0.980299
TMPRSS6	0.972805	0.992613	0.976749
SLC35F3	0.466791	0.972398	0.778039
FOXF1	0.865681	0.976303	0.958509
HAR1B	0.96349	0.985483	0.953365
INSL3	0.977862	0.950894	0.982749
RDM1	0.285035	0.164653	0.908637
INMT	0.154397	0.986782	0.778039
NPTX1	0.968996	0.98182	0.966225
PTCHD3P2	0.981749	0.976399	0.994745
GLDN	0.988381	0.982404	0.984893
GLDC	0.983561	0.967317	0.95968
QPCT	0.977742	0.450124	0.308243
GRK5	0.95282	0.965572	0.95576
RN7SL1	0.951921	0.987677	0.994439
RN7SL3	0.990762	0.991463	0.977193
CAPSL	0.953883	0.965572	0.908637
MYADML2	0.982019	0.980049	0.992989
HPCA	0.97725	0.957612	0.953521
IGSF10	0.993866	0.133736	0.130683
EFCC1	0.970835	0.95935	0.959838
RBBP8NL	0.952954	0.950598	0.979789
GPC3	0.865681	0.833083	0.991876
LOXHD1	0.981364	0.969769	0.971658
HMGB3	0.964732	0.95258	0.99915
EEF1A2	0.027236	0.450124	0.977413
CALY	0.959445	0.960983	0.967303
C5orf46	0.967807	0.981207	0.956183
TRIM9	0.232974	0.994535	0.997258
PAH	0.885719	0.971607	0.908637
LYPD3	0.959682	0.978284	0.971006
LYPD1	0.996386	0.951448	0.96082
FAT2	0.364096	0.018322	0.129986
AKR7A3	0.498666	0.956961	0.974727
CKMT1A	0.810142	0.96293	0.954283
CKMT1B	0.976568	0.982672	0.955905
BCL2L15	0.966347	0.953495	0.952807
BCL2L10	0.969366	0.987008	0.962624
IGHV1-3	0.966954	0.95462	0.95123
SLC38A3	0.980958	0.966248	0.989554
YBX2	0.676598	0.987033	0.982147
ERG	0.677374	0.951415	0.908637
FAM172BP	0.980865	0.981403	0.996577
IBSP	0.966035	0.956906	0.986626
SOSTDC1	0.972723	0.972606	0.991915
IGLL1	0.697457	0.973945	0.994966
IGLL5	0.981888	0.666965	0.666255
CEP55	0.699823	0.969049	0.995643
ATP10B	0.697406	0.984974	0.965816
CPXM1	0.885719	0.00214	0.0018
PLAC1	0.952084	0.960874	0.954611
PLAC4	0.995577	0.989827	0.978067
PLAC9	0.995404	0.973155	0.971374
DLX5	0.779413	0.685453	0.914537
DLX3	0.957763	0.974668	0.973294
IGHV3OR16-6	0.999657	0.973689	0.966823
IGHV3OR16-8	0.652443	0.540498	0.312195
FERMT1	0.996088	0.957731	0.984445
KLHDC8A	0.968594	0.053253	0.076009
DPYD-AS1	0.978053	0.972377	0.994616
RETN	0.97644	0.967714	0.951503
IGKV1D-8	0.985235	0.450124	0.666255
VWF	0.104211	0.216584	0.880259
CDH17	0.343943	0.969509	0.976769
B4GALNT4	0.466791	0.998251	0.778039
B4GALNT1	0.310161	0.666965	0.977207
B4GALNT2	0.074008	0.981757	0.668696
C1orf87	0.965737	0.987894	0.996215
KIFC1	0.885719	0.998124	0.908637
HS6ST2	0.966983	0.977914	0.959943
TAF7L	0.972523	0.976346	0.996551
GDPD4	0.154397	0.966215	0.778039
FCRL4	0.964868	0.004894	0.015423
FCRL5	0.040447	0.124301	0.880259
IGLV5-45	0.990274	0.966414	0.950632
IGLV5-48	0.951783	0.96955	0.958448
PNMA6A	0.957621	0.964907	0.961002
LRRC2	0.699823	0.953134	0.97819
MORN5	0.107649	0.970076	0.965484
SCUBE3	0.975938	0.450124	0.308243
SCUBE1	0.292634	0.006363	0.163925
RPSAP52	0.990094	0.95023	0.953944
RPSAP56	0.961862	0.996182	0.97464
PTHLH	0.995885	0.450124	0.666255
TPPP3	0.975926	0.963912	0.957328
GFRA3	0.972523	0.833083	0.666255
EPHA6	0.345462	0.165868	0.517875
COL9A1	0.83584	0.990724	0.983373
GLB1L3	0.676598	0.015721	0.182266
ARL9	0.810142	0.952768	0.963474
RRM2	0.589347	0.957245	0.975448
SRSF12	0.963977	0.958775	0.997838
IGKV3-11	0.972523	0.833083	0.666255
IGKV3-15	0.976695	0.973148	0.978423
Y_RNA	0.953592	0.966284	0.955266
SH2D4B	0.699823	0.960598	0.983236
LINC00525	0.985205	0.986934	0.971915
TICRR	0.972445	0.965572	0.908637
SLC4A1	0.95713	0.167897	0.163925
KNTC1	0.764634	0.451233	0.717577
IGSF9	0.285035	0.980764	0.973006
IGSF1	0.197408	0.939319	0.985503
FGR	0.996031	0.958609	0.985396
FGA	0.061837	0.791175	0.076009
FGB	0.96841	0.086713	0.163925
RPL39L	0.958304	0.955881	0.953618
NEIL3	0.970162	0.833083	0.908637
MESP1	0.987089	0.164653	0.308243
MESP2	0.810142	0.95323	0.973015
IGHV3-35	0.952199	0.996501	0.990681
IGHV3-33	0.967737	0.953657	0.979095
IGHV3-30	0.810142	0.950468	0.979265
IGHV3-38	0.498666	0.993793	0.998219
RAD54L	0.998497	0.965572	0.968448
ABCB6	0.697457	0.992685	0.976242
ABCB4	0.764634	0.451233	0.717577
ZYG11A	0.984559	0.997357	0.966705
ITGA11	0.95206	0.965572	0.969426
B3GNT6	0.699823	0.965572	0.666255
BEAN1	0.968368	0.953198	0.953671
C8B	0.061837	0.269413	0.005521
EPHA10	0.250039	0.451233	0.076009
DMRTA2	0.990763	0.993603	0.992074
MSR1	0.154397	0.976308	0.778039
TBX3	0.522027	0.112692	0.450137
SBSPON	0.676598	0.995289	0.950446
LRRC18	0.990654	0.833083	0.908637
LRRC15	0.252386	0.965864	0.994796
FAM111B	0.317855	0.992185	0.983771
IGKV1-13	0.955312	0.977168	0.998875
CHRNA5	0.975866	0.991458	0.995746
CHRNA9	0.317855	0.995956	0.995546
FAM83F	0.699823	0.979325	0.98763
SIRPD	0.989306	0.450124	0.666255
FOXM1	0.971073	0.965572	0.908637
DLX6-AS1	0.984875	0.959996	0.980794
IGHJ6	0.981803	0.988102	0.974356
IGHJ5	0.956572	0.954761	0.980394
IGHJ4	0.998647	0.98311	0.987141
IGHJ2	0.975703	0.982357	0.968637
IGHJ1	0.984791	0.956128	0.983912
CDCA2	0.699823	0.967094	0.979488
CDCA3	0.991205	0.164653	0.308243
CDCA7	0.285627	0.973233	0.951066
CDCA5	0.810142	0.996423	0.972707
CDCA8	0.810142	0.975497	0.995092
SPRED3	0.967397	0.164653	0.308243
RHBDL2	0.977091	0.979446	0.959295
RHBDL1	0.676598	0.977444	0.960756
TEX11	0.956719	0.981778	0.973918
SLCO1A2	0.972357	0.98021	0.975625
CYP24A1	0.967512	0.053253	0.182266
MAD2L1	0.438557	0.953415	0.96616
CASQ2	0.697457	0.997058	0.993448
BMPER	0.391822	0.867262	0.450137
RN7SL521P	0.972605	0.960289	0.991531
PROK2	0.987894	0.980266	0.975632
FBXO43	0.966018	0.993471	0.989234
SFRP5	0.285035	0.976601	0.968582
COL1A1	0.961826	0.998088	0.975379
COL6A6	0.925206	0.811489	0.94364
KLK12	0.676598	0.960052	0.990254
TMEM100	0.107649	0.164653	0.95327
DDX12P	0.984319	0.973978	0.979099
RNF222	0.985325	0.989096	0.996137
FGL1	0.972523	0.984986	0.977964
DSP	0.842882	0.867262	0.717577
THBD	0.950524	0.969017	0.958498
SNORD46	0.985975	0.965229	0.996024
IGLV2-23	0.972523	0.958721	0.991469
HECW1	0.458835	0.177196	0.447519
RGCC	0.9715	0.994109	0.984537
PPP1R14D	0.996286	0.990019	0.980801
PPP1R14B	0.970495	0.993804	0.984503
PCDH15	0.301532	0.001209	0.01792
COL17A1	0.155385	0.112692	0.717577
OCIAD2	0.810142	0.99009	0.972494
TEKT1	0.980381	0.980588	0.974781
TEKT5	0.988566	0.990847	0.957895
SEC14L3	0.956194	0.666965	0.908637
SEC14L6	0.997603	0.981619	0.968517
KRT6B	0.223679	0.523241	0.950965
KRT6A	0.522027	0.006363	0.100646
COMP	0.676598	0.450124	0.908637
IL19	0.987455	0.958188	0.960948
IL11	0.97084	0.966863	0.966996
MROH3P	0.995244	0.996067	0.987731
MROH9	0.985039	0.956032	0.961187
MS4A7	0.074008	0.996298	0.668696
KCNN4	0.952954	0.833083	0.908637
PKIB	0.697457	0.959102	0.954093
CCL14	0.676598	0.975272	0.99962
C1QTNF7	0.975315	0.977795	0.993941
PLEKHN1	0.810142	0.994621	0.966235
KCNT2	0.064877	0.981262	0.504234
IGHV1-12	0.981467	0.980417	0.980829
IGHV1-17	0.990492	0.971063	0.972863
IGHV1-14	0.989689	0.98693	0.963391
IGHV1-18	0.972523	0.964978	0.97626
HPSE2	0.390026	0.711146	0.312195
ALOXE3	0.285627	0.965572	0.308243
MUC16	0.136269	0.033471	0.210037
MUC13	0.498666	0.983197	0.972057
LRRN3	0.971163	0.979671	0.955
IGHV3OR16-10	0.994595	0.975733	0.973773
WNT7A	0.972357	0.993354	0.998764
OSCAR	0.810142	0.164653	0.666255
CSRNP1	0.976239	0.956432	0.988191
BUB1	0.972357	0.980835	0.914537
FOXE1	0.697457	0.969871	0.992568
C11orf86	0.963896	0.980254	0.959328
WWC2	0.972523	0.993433	0.97809
C2CD4A	0.810142	0.961204	0.987406
C2CD4D	0.983843	0.983224	0.952656
CCDC162P	0.984534	0.988423	0.964109
GDNF-AS1	0.965699	0.989777	0.982999
ENTPD2	0.285035	0.952206	0.972717
ENTPD8	0.953787	0.164653	0.308243
EMP2	0.969099	0.981092	0.985705
CCDC26	0.973603	0.997764	0.950751
FIBIN	0.285035	0.973765	0.950634
CDKN3	0.993271	0.963865	0.952007
HEPHL1	0.847558	0.167897	0.324214
TRIM54	0.589347	0.997592	0.986005
CFD	0.98434	0.951484	0.966511
HSD17B1	0.285035	0.998287	0.988982
HSD17B6	0.676598	0.971889	0.995933
ALDH3B2	0.959177	0.962462	0.973395
IL1RL1	0.858681	0.361029	0.58689
IL1RL2	0.676598	0.450124	0.908637
AC126323.1	0.991908	0.995063	0.974616
PEBP4	0.968067	0.164653	0.308243
HNF1A-AS1	0.964213	0.963081	0.98632
CBX2	0.285627	0.965572	0.308243
PFKP	0.317855	0.978786	0.965864
POU6F2	0.892453	0.987385	0.99386
SNTN	0.810142	0.983412	0.969471
RASAL1	0.498666	0.963646	0.666255
EGF	0.151315	0.965572	0.999008
WASIR2	0.976384	0.995324	0.994713
IGKV2D-29	0.498666	0.984566	0.666255
IGKV2D-28	0.962129	0.990544	0.967189
CDH15	0.510278	0.833275	0.991944
CREG2	0.952469	0.963148	0.997646
CDH19	0.766228	0.711146	0.952833
HTR1D	0.956777	0.979672	0.996557
CD52	0.958371	0.950329	0.996578
CD5L	0.980487	0.167897	0.239536
SPATA4	0.95525	0.450124	0.666255
MIR559	0.986145	0.962849	0.983007
CALB1	0.142887	0.450124	0.992582
SPINK2	0.810142	0.979229	0.956302
SERINC2	0.991484	0.015721	0.013957
SALL4	0.685036	0.754247	0.578872
FAM177B	0.697457	0.985228	0.953178
IGHV1OR15-2	0.964417	0.997366	0.998283
IGHV1OR15-9	0.01579	0.953537	0.503754
HOXD4	0.285035	0.992903	0.971787
NPBWR1	0.107649	0.001462	0.312195
SLC6A13	0.059503	0.981853	0.308243
SLC6A11	0.510278	0.833275	0.959781
SLC6A17	0.589347	0.001752	0.052585
TAC4	0.810142	0.960157	0.992205
ADAM8	0.972523	0.833083	0.666255
IL20RB	0.972523	0.961498	0.964658
SULF1	0.419967	0.97496	0.668696
TROAP	0.677374	0.925311	0.977052
WFDC3	0.697457	0.979811	0.969033
INHA	0.96626	0.450124	0.308243
UGT8	0.589347	0.053253	0.312195
KREMEN2	0.998599	0.994437	0.993872
IGHG4	0.996332	0.952823	0.99058
IGHG1	0.676598	0.9992	0.985195
IGHG2	0.974706	0.450124	0.666255
IGHG3	0.676598	0.450124	0.908637
BPIFB2	0.03453	0.991639	0.578872
CAMK2B	0.962803	0.055908	0.100646
IGHGP	0.966017	0.995774	0.979953
C9orf50	0.993507	0.984973	0.985611
ANKRD22	0.970245	0.991285	0.968567
MKRN3	0.96861	0.791175	0.839862
LHFPL4	0.676598	0.990659	0.996325
LHFPL3	0.988024	0.956738	0.986347
TLL2	0.427875	0.627422	0.961975
PBK	0.810142	0.988302	0.957856
RIMS2	0.277127	0.048599	0.251108
ITM2A	0.865681	0.833083	0.985948
KLF4	0.865681	0.112692	0.312195
JAKMIP3	0.142887	0.450124	0.97617
ZBTB8B	0.961932	0.982272	0.975271
F12	0.987608	0.950643	0.999722
RCOR2	0.97297	0.951701	0.96342
UGT2B15	0.660762	0.956421	0.990164
LCN2	0.810142	0.994086	0.993208
DNAJC12	0.697457	0.997895	0.990342
NRK	0.074444	0.451233	0.979273
EME1	0.810142	0.999571	0.961272
DUOX1	0.990313	0.015721	0.076009
CDHR5	0.995208	0.450124	0.666255
C5orf34	0.810142	0.164653	0.666255
PCP4	0.951866	0.164653	0.308243
IGHV2-70	0.972523	0.006363	0.005521
ADAMDEC1	0.589347	0.964898	0.967879
NOX5	0.250039	0.996216	0.666255
ZBED2	0.967247	0.956193	0.971786
PF4	0.981332	0.9712	0.974668
GCOM1	0.971011	0.961868	0.990966
CRTAC1	0.865681	0.952779	0.975153
PKHD1L1	0.929418	0.082685	0.074749
PSMD10P2	0.958571	0.966636	0.987751
CXCR2	0.951179	0.987697	0.969181
CXCR1	0.285627	0.967175	0.956379
LINC00551	0.970678	0.975199	0.952041
IGKV1D-27	0.97637	0.989614	0.995541
AC105339.2	0.973629	0.969273	0.952815
HHLA2	0.285035	0.996984	0.963131
PRSS3	0.977843	0.956757	0.990129
PRSS2	0.992744	0.985112	0.968506
HEG1	0.466791	0.965572	0.967325
SNORD17	0.969151	0.967882	0.962842
AQP6	0.965657	0.999184	0.986504
AQP4	0.966402	0.981993	0.993616
GSC	0.988496	0.164653	0.308243
SNHG4	0.965255	0.960931	0.967699
GUCY1B2	0.950494	0.952846	0.986273
BTNL9	0.995222	0.965446	0.962523
IGHV3-48	0.955857	0.666965	0.666255
IGHV3-49	0.676598	0.96221	0.962053
IGHV3-47	0.952059	0.958939	0.956176
IGHV3-43	0.285035	0.164653	0.908637
IGHV3-41	0.999611	0.996159	0.995951
FHL2	0.987781	0.988222	0.977478
FHL1	0.981485	0.450124	0.666255
FHL5	0.144738	0.032366	0.414869
DNA2	0.972523	0.112692	0.076009
SNORD15B	0.976357	0.954589	0.958185
MAMDC2	0.676598	0.975677	0.96818
TNR	0.928474	0.174305	0.157362
GPR19	0.285035	0.997666	0.960452
EFCAB1	0.676598	0.450124	0.908637
RAD51AP1	0.969687	0.995194	0.987478
DKK2	0.419967	0.980009	0.990349
DKK1	0.285627	0.96998	0.975902
CDT1	0.985471	0.991067	0.952284
CST2	0.972523	0.995533	0.959683
XRCC2	0.697457	0.976302	0.997804
STARD8	0.964377	0.982852	0.990074
GPT	0.951279	0.990754	0.97316
LCT	0.981719	0.811489	0.763533
POLE2	0.810142	0.971289	0.980451
SYN2	0.810142	0.988836	0.969628
LINC00184	0.979671	0.973596	0.959052
NLRC4	0.953612	0.833275	0.914537
OPRK1	0.292634	0.994375	0.778039
DNAH14	0.960814	0.961855	0.995301
EDN1	0.95449	0.965393	0.965721
SLC14A2	0.473676	0.980141	0.981877
SLC14A1	0.969897	0.015721	0.076009
SLC13A5	0.865681	0.953919	0.993178
RGS17	0.810142	0.981604	0.961701
IGFL2	0.438557	0.972793	0.952359
IGFL4	0.810142	0.164653	0.666255
DNAH17-AS1	0.982841	0.957816	0.999258
PLAU	0.285035	0.164653	0.908637
C1orf194	0.973146	0.987264	0.994891
DUOXA1	0.963733	0.998628	0.976709
GRIN1	0.972357	0.986603	0.914537
GTSE1	0.961528	0.990008	0.96189
MYO3B	0.951964	0.540498	0.450137
PHLDA2	0.967367	0.969071	0.973562
H19	0.993616	0.97685	0.952142
SMAD6	0.979892	0.996244	0.989301
F11	0.972357	0.272084	0.450137
MTND1P23	0.963419	0.959142	0.952205
SMKR1	0.982523	0.995632	0.974339
RFX8	0.950767	0.959819	0.994867
IGFBP3	0.968267	0.984882	0.992563
IGFBP1	0.676598	0.980847	0.983429
CLIC5	0.676598	0.994439	0.963348
NIM1K	0.865681	0.986165	0.958786
MSLNL	0.969776	0.977849	0.989251
EREG	0.983133	0.980197	0.979855
C14orf132	0.994853	0.961232	0.966815
CALCRL	0.826314	0.086713	0.052585
SRRM3	0.97395	0.988977	0.9849
IGLV1-51	0.990573	0.164653	0.308243
IGLV1-50	0.810142	0.96153	0.97186
ABCG2	0.826314	0.991269	0.98743
AKR1B10	0.885719	0.961153	0.975039
AKR1B15	0.962536	0.974481	0.990166
C15orf48	0.991438	0.95224	0.983737
KCNK9	0.144738	0.973979	0.951136
KCNK3	0.958852	0.954137	0.996844
VWDE	0.952645	0.967465	0.98561
MIR3189	0.969727	0.993125	0.957045
CCL23	0.697457	0.666965	0.308243
CCL24	0.991474	0.997475	0.974485
ALPK2	0.102108	0.239377	0.015423
GLYATL2	0.988141	0.833083	0.908637
LDLR	0.142887	0.450124	0.951234
FNDC1	0.975291	0.383888	0.414869
CCDC150	0.292634	0.833083	0.966681
CCDC154	0.980381	0.995205	0.95191
ATP6V0A4	0.967283	0.990578	0.980383
LINC00342	0.997368	0.988051	0.998634
PODXL2	0.589347	0.995911	0.965537
GAL3ST2	0.992381	0.666965	0.908637
IL17REL	0.697457	0.666965	0.308243
FOXH1	0.972523	0.984921	0.998373
TMEM105	0.697457	0.969369	0.97652
KRT4	0.980533	0.991572	0.982607
CDHR2	0.976042	0.997362	0.992398
TFAP2A	0.970578	0.96679	0.959175
CYYR1	0.677374	0.361029	0.182266
CRABP2	0.317855	0.956528	0.981557
AC142381.1	0.994965	0.978492	0.961863
FENDRR	0.96286	0.950696	0.967649
ODAM	0.969825	0.974736	0.957272
EDNRB	0.764634	0.956103	0.991048
CABP7	0.969354	0.999071	0.962742
FBXO32	0.970543	0.959371	0.959195
ALAS2	0.969714	0.053253	0.182266
APBA2	0.779413	0.685453	0.914537
PTPRZ1	0.240238	0.323112	0.825683
EPYC	0.317855	0.000257	0.052585
RNFT2	0.979031	0.987254	0.987988
AURKA	0.950352	0.961405	0.960348
AURKB	0.957824	0.450124	0.308243
WFIKKN2	0.522027	0.000203	0.015423
CAV2	0.988171	0.985745	0.976042
CAV1	0.972294	0.973359	0.983031
LRRC36	0.189891	0.965479	0.95481
GPR78	0.999841	0.954377	0.996444
DGCR5	0.980476	0.966145	0.971282
DES	0.676598	0.96759	0.970584
FAM222A-AS1	0.992382	0.954526	0.992657
FEZF1	0.964914	0.972612	0.988705
AC092198.1	0.975633	0.965488	0.959554
LILRP2	0.954519	0.959265	0.954073
CPP	0.986772	0.956255	0.970698
HHIP	0.997433	0.990686	0.991217
IGLV7-43	0.998685	0.450124	0.308243
GABRQ	0.214684	0.451233	0.987548
GABRP	0.285035	0.164653	0.908637
KRT17	0.951772	0.965572	0.967814
KRT16	0.865681	0.978865	0.99089
KRT15	0.697457	0.971308	0.978645
KRT14	0.865681	0.988432	0.983023
PLA2G4A	0.98063	0.451233	0.450137
PLA2G4F	0.956481	0.990419	0.982002
CMTM2	0.994333	0.951769	0.979865
CMTM5	0.966843	0.998466	0.992149
COL11A1	0.468978	0.214505	0.463571
GNG4	0.981607	0.972495	0.962238
UGT3A2	0.982549	0.986933	0.95221
RASGEF1C	0.963239	0.967371	0.989295
ONECUT2	0.984309	0.983689	0.980685
ONECUT1	0.956944	0.960412	0.962292
MUC5AC	0.652443	0.98715	0.962926
IGHV1-67	0.987899	0.999777	0.984344
IGHV1-69	0.310161	0.666965	0.971502
CIDEC	0.955778	0.960895	0.979131
TSPAN18	0.697457	0.983851	0.989139
TPTE2	0.972357	0.993279	0.914537
IGHV4-39	0.977629	0.973555	0.983553
FCN3	0.697457	0.96983	0.979596
HSPB6	0.983694	0.989478	0.962752
HSPB3	0.966213	0.967505	0.985072
HCAR1	0.964747	0.982043	0.996637
SCGB1A1	0.697457	0.988244	0.958329
TCF21	0.971066	0.957246	0.950947
WIF1	0.697457	0.666965	0.308243
IGHJ3P	0.997493	0.988197	0.995864
IGKC	0.994448	0.995194	0.98766
RPS2P15	0.974004	0.956691	0.981648
BPIFA2	0.954524	0.971654	0.975347
BPIFA1	0.522027	0.956854	0.914537
TMEM156	0.285035	0.164653	0.908637
ARL14	0.697457	0.991115	0.965541
KIF4A	0.983016	0.975297	0.999041
WDR72	0.766228	0.624928	0.503754
TRIM67	0.953184	0.965572	0.96423
LINC00896	0.974631	0.954073	0.980942
MCF2	0.343943	0.451233	0.952833
CDO1	0.810142	0.991561	0.954558
ZWINT	0.993917	0.987749	0.992237
EGOT	0.972951	0.98254	0.956026
PRKG2	0.972357	0.272084	0.450137
CALML6	0.810142	0.989489	0.994948
LRRC37A9P	0.950122	0.979396	0.98651
AGRP	0.810142	0.95473	0.980393
RUFY4	0.317855	0.980085	0.977475
AGR2	0.810142	0.998016	0.992128
DNAJC22	0.966646	0.053253	0.182266
NTSR1	0.142887	0.015721	0.450137
KANK3	0.975942	0.973355	0.987813
USHBP1	0.317855	0.000257	0.052585
RPS18P13	0.980109	0.997274	0.978394
IGHV2-26	0.978971	0.962818	0.969084
ESCO2	0.994926	0.666965	0.666255
SCARNA21	0.985436	0.962946	0.964161
CDC25A	0.980457	0.450124	0.308243
PRAME	0.027236	0.000257	0.239536
SLC27A6	0.982297	0.167897	0.239536
AK4	0.960474	0.965904	0.983635
SLC24A2	0.507556	0.627422	0.312195
ITLN2	0.981138	0.952331	0.965156
ITLN1	0.353578	0.925311	0.968535
SLC7A11-AS1	0.967189	0.985428	0.991006
ANKRD36C	0.974455	0.958028	0.960633
LIMS2	0.697457	0.97533	0.964894
SUN3	0.353578	0.958587	0.666255
ACKR4	0.676598	0.992789	0.967788
GPER1	0.676598	0.97537	0.995166
PRRX2	0.987784	0.957568	0.950705
MIR31HG	0.981425	0.965516	0.974999
ABCA12	0.522207	0.36798	0.18072
RHBG	0.98533	0.996421	0.994812
COCH	0.99682	0.966971	0.978778
POU3F2	0.438557	0.112692	0.013957
TSACC	0.438557	0.958505	0.970753
SLC7A5	0.438557	0.971624	0.955068
PLOD2	0.973582	0.965572	0.908637
JPH3	0.250039	0.998578	0.666255
JPH4	0.972523	0.112692	0.076009
SLITRK2	0.189997	0.991916	0.698279
MYBPH	0.310161	0.053253	0.450137
GREB1L	0.999545	0.996115	0.987873
DCSTAMP	0.02206	0.00214	0.301676
FUT3	0.972523	0.984488	0.97905
FUT2	0.810142	0.952242	0.964975
GHR	0.991563	0.95357	0.985096
VTCN1	0.697457	0.9884	0.972635
APCDD1L	0.971409	0.666965	0.666255
PAFAH1B3	0.98504	0.993877	0.989872
STARD13	0.379463	0.361029	0.839862
MT1M	0.985837	0.975026	0.958852
MGAT3	0.952355	0.451233	0.58689
MMP7	0.979366	0.976753	0.957249
MMP3	0.498666	0.961497	0.975336
HHIPL2	0.574059	0.957123	0.849264
KIF26B	0.232974	0.361029	0.952833
ANKS4B	0.980794	0.963805	0.95895
IGKV3-7	0.865681	0.974216	0.951481
MIR3677	0.974133	0.975671	0.962691
FSTL4	0.292634	0.988951	0.778039
NUF2	0.858681	0.361029	0.58689
ANXA8L1	0.992742	0.966353	0.995151
C12orf42	0.885719	0.977795	0.961838
FGF11	0.95721	0.962581	0.951334
FGF10	0.292634	0.833083	0.966883
KCNJ10	0.285627	0.965572	0.308243
SLC6A4	0.285035	0.0	0.0018
COL22A1	0.591492	0.152418	0.336034
WFDC10B	0.9648	0.960737	0.959307
RADIL	0.062798	0.450124	0.963082
SLCO5A1	0.556844	0.216584	0.508819
STRCP1	0.982172	0.985509	0.970202
SCARNA7	0.986195	0.991752	0.951089
GCM1	0.189891	0.953477	0.972097
SCARNA5	0.97587	0.958968	0.971836
VWC2	0.972357	0.961746	0.980399
IGLV3-27	0.676598	0.966957	0.993669
ITPKA	0.972536	0.954679	0.982107
UPK1B	0.977057	0.961663	0.966409
COL5A2	0.709016	0.094113	0.055868
COL5A1	0.845902	0.065922	0.048618
LAMP3	0.996912	0.98859	0.976534
DUSP5P1	0.995223	0.964615	0.963184
JSRP1	0.697457	0.985211	0.966676
TGM5	0.285035	0.164653	0.908637
ADM2	0.983307	0.991518	0.981156
NCAPH	0.750367	0.965572	0.959702
NCAPG	0.142887	0.450124	0.97816
TRPM8	0.214684	0.451233	0.989249
TRPM5	0.252386	0.974938	0.950826
BCAS1	0.027236	0.015721	0.717577
PABPC1L	0.589347	0.961116	0.997579
GALNT14	0.419967	0.032366	0.239536
CACNA2D2	0.810142	0.959086	0.990788
PTCRA	0.353578	0.925311	0.985721
TAS1R3	0.589347	0.979254	0.987476
GPC2	0.589347	0.992427	0.965542
RTN4RL2	0.042134	0.966741	0.914537
REEP6	0.810142	0.997133	0.957503
CECR7	0.810142	0.986044	0.986051
ANKRD7	0.982479	0.187715	0.182266
ANKRD1	0.966686	0.996398	0.96417
IGHV3-19	0.972995	0.981945	0.961349
IGHV3-15	0.973392	0.988968	0.970345
IGHV3-11	0.981706	0.986797	0.952162
IGHV3-13	0.95005	0.963106	0.989103
KCNH8	0.368892	0.032163	0.005708
SLC28A1	0.952593	0.993503	0.981728
MYCN	0.985741	0.970551	0.98242
PARPBP	0.676598	0.962628	0.952972
TK1	0.97497	0.956089	0.99417
KRT18P8	0.951004	0.988772	0.964498
CELSR3	0.705226	0.383888	0.239536
LRRC32	0.842882	0.970869	0.970555
SLC26A4-AS1	0.990624	0.976048	0.969999
CCDC169	0.955323	0.964503	0.959689
SNORA53	0.953476	0.953201	0.974226
LINC00337	0.981672	0.992886	0.984788
C4BPB	0.810142	0.967411	0.981599
PTPN5	0.951964	0.754247	0.914537
FOXO6	0.973826	0.965727	0.99562
CCNO	0.810142	0.164653	0.666255
NCKAP5	0.504365	0.020093	0.095661
KDELR3	0.810142	0.977629	0.985445
IGHV4-55	0.973378	0.979836	0.96202
PIF1	0.959924	0.98337	0.987458
TNXB	0.958392	0.523241	0.578872
LHB	0.285035	0.98572	0.995238
IGKV1-27	0.676598	0.000257	0.021272
ADRA1A	0.438557	0.964385	0.984433
NELL1	0.412043	0.959409	0.874607
SNORD3A	0.974225	0.989164	0.983685
KIF18B	0.676598	0.995092	0.973484
TGM1	0.750367	0.977588	0.914537
ALG1L5P	0.99288	0.987894	0.983057
PPP1R14BP2	0.984242	0.98746	0.957368
PPP1R14BP3	0.962153	0.958614	0.978188
ERCC6L	0.310161	0.995121	0.914537
GRIK2	0.378981	0.443926	0.880259
GRIK4	0.950723	0.867262	0.952833
GREM1	0.810142	0.962319	0.990983
PADI1	0.250039	0.993192	0.666255
PADI4	0.250039	0.451233	0.076009
ZPLD1	0.951964	0.124301	0.100646
ATP6V1C2	0.810142	0.992971	0.97191
CLEC1A	0.981109	0.112692	0.182266
ADAM28	0.972357	0.97901	0.994635
SLC19A3	0.988308	0.666965	0.666255
COL6A4P2	0.97897	0.95079	0.959659
COL6A4P1	0.971262	0.983401	0.960131
SBK1	0.865681	0.975245	0.961954
CDC20	0.589347	0.053253	0.312195
LINC00589	0.986506	0.954964	0.956658
ANGPTL7	0.697457	0.975546	0.953851
ANGPTL5	0.865681	0.833083	0.980483
ANGPTL3	0.999061	0.450124	0.666255
ANGPTL1	0.697457	0.975187	0.9631
MMP10	0.959578	0.016082	0.021272
MMP11	0.983664	0.666965	0.908637
MMP12	0.98554	0.989447	0.973523
MMP13	0.826314	0.086713	0.052585
MMP19	0.988107	0.962586	0.990423
KCNK12	0.810142	0.981405	0.983721
KCNK10	0.660762	0.032366	0.163925
TCN1	0.027236	0.450124	0.950417
ALG1L	0.810142	0.164653	0.666255
IL37	0.142887	0.968193	0.914537
IL33	0.676598	0.450124	0.908637
NKPD1	0.438557	0.967262	0.954184
CAMK2N2	0.950775	0.964083	0.993147
PLA2G1B	0.99107	0.969808	0.956812
IGHV4-34	0.697457	0.957433	0.966893
DNAH9	0.687923	0.978162	0.975041
GPR17	0.498666	0.955804	0.666255
CKAP2L	0.972357	0.98763	0.914537
IGKV2-26	0.969773	0.980509	0.971207
IGKV2-28	0.998252	0.975686	0.99302
IGKV2-29	0.983508	0.967913	0.965432
IGKJ5	0.958055	0.976519	0.961251
SNORA12	0.994847	0.978063	0.975132
MEIOB	0.697457	0.98583	0.984209
UCHL1	0.964476	0.961168	0.962942
LINC00624	0.955704	0.973186	0.996749
LINC00629	0.986401	0.962838	0.968189
STOML3	0.885719	0.970504	0.908637
SIGLEC11	0.750367	0.980982	0.914537
HMMR	0.589347	0.666965	0.983724
DCC	0.971802	0.566273	0.508819
IL17C	0.967564	0.952486	0.988506
CHRDL1	0.108994	0.867262	0.182266
AOC1	0.750367	0.016082	0.100646
IGHE	0.963822	0.99046	0.972816
LPO	0.699823	0.965572	0.666255
LPL	0.961896	0.450124	0.666255
JAM2	0.959207	0.053253	0.076009
KIF14	0.826314	0.086713	0.052585
KIF15	0.993523	0.990687	0.968698
KIF17	0.826314	0.009637	0.006142
KIF11	0.589347	0.972134	0.978503
LINC00862	0.989557	0.999871	0.990129
ASCL1	0.977168	0.164653	0.308243
LINC00866	0.953699	0.985714	0.960045
IGF2BP3	0.971055	0.965572	0.966616
CD101	0.985104	0.666965	0.908637
NLRP11	0.997703	0.002892	0.004523
SGK2	0.522027	0.95946	0.914537
TRIM71	0.589347	0.666965	0.978026
GPD1	0.988709	0.959416	0.953631
NEFL	0.982623	0.976843	0.977467
NEFH	0.353578	0.925311	0.973891
SLC28A2	0.972865	0.955785	0.956814
NRG3	0.630877	0.325464	0.603867
PSAT1	0.952169	0.450124	0.666255
OTX1	0.951676	0.959138	0.960214
IGHV6-1	0.981078	0.985593	0.958189
SHISA8	0.963429	0.971377	0.999512
HMGA2	0.952902	0.963206	0.978936
HMGA1	0.99508	0.980843	0.982101
GGT4P	0.99348	0.961801	0.967516
IQSEC3	0.940576	0.540498	0.717577
DCST2	0.970074	0.833083	0.908637
DCST1	0.955792	0.666965	0.666255
NPC1L1	0.975544	0.627422	0.58689
CD93	0.419967	0.969993	0.668696
RGS7	0.153629	0.269413	0.880259
STK32A	0.957991	0.988139	0.978788
IGKV2OR22-3	0.986504	0.993572	0.986954
IGKV2OR22-4	0.956606	0.994834	0.953736
MYO18B	0.955383	0.041242	0.039382
PITX2	0.963898	0.962197	0.982261
PITX1	0.976451	0.998935	0.967182
MMRN2	0.677374	0.925311	0.966311
MMRN1	0.951127	0.920231	0.880259
IGLON5	0.985213	0.053253	0.076009
CD36	0.972523	0.962121	0.974784
OR52K3P	0.974471	0.998164	0.989499
ACADL	0.968033	0.053253	0.076009
ADAMTS14	0.967415	0.956604	0.972861
ADAMTS16	0.812886	0.985804	0.974669
FCGR3B	0.292634	0.988602	0.778039
TDRD1	0.526317	0.833275	0.578872
RBP2	0.676598	0.977466	0.976406
RBP4	0.810142	0.953512	0.961304
RHOV	0.951446	0.973246	0.990997
RASGRF1	0.142887	0.450124	0.984366
HIGD1B	0.991048	0.95165	0.955727
IGHV4-61	0.999294	0.985436	0.951314
NPR1	0.652443	0.986946	0.969744
TMEM184A	0.285035	0.164653	0.908637
HOXB8	0.9799	0.956554	0.980329
HOXB9	0.697457	0.994139	0.961711
HOXB7	0.999853	0.99812	0.993563
SPDEF	0.974626	0.959638	0.969187
GYG2	0.987204	0.666965	0.666255
UBE2Q1-AS1	0.96537	0.95636	0.989529
TWIST1	0.697457	0.964155	0.973015
EN2	0.810142	0.97508	0.997422
CYP4B1	0.963279	0.965572	0.908637
COL25A1	0.243047	0.68826	0.239536
SMCO2	0.980963	0.95858	0.987806
IGHA2	0.498666	0.99785	0.953836
ST8SIA6	0.136961	0.994532	0.982802
ST8SIA2	0.677374	0.957897	0.908637
BTBD16	0.189891	0.990089	0.964442
MAST1	0.660762	0.967275	0.98488
IL23A	0.991083	0.986492	0.973217
TOP2A	0.510278	0.833275	0.974718
SGCG	0.957525	0.965174	0.951718
SGCA	0.980882	0.666965	0.908637
NPW	0.977419	0.956242	0.97654
EMCN	0.990752	0.978447	0.977084
LHX2	0.697457	0.987869	0.995441
VEGFD	0.963534	0.992655	0.967314
COL2A1	0.391822	0.325464	0.100646
EGLN3	0.589347	0.969466	0.970444
ADCYAP1R1	0.587704	0.968472	0.962554
IGLV5-37	0.810142	0.971578	0.971385
DPP10	0.694525	0.791175	0.978873
CENPK	0.992165	0.958653	0.961773
CENPI	0.522027	0.833083	0.963308
CENPF	0.727977	0.68826	0.508819
CENPE	0.685036	0.540498	0.839862
CENPA	0.980191	0.994633	0.990327
UCA1	0.969301	0.992759	0.982361
IGHV3OR16-13	0.960868	0.974573	0.995649
IGHV3OR16-11	0.993334	0.989059	0.975827
GREB1	0.556844	0.989542	0.952635
ARSH	0.951688	0.016082	0.021272
KRTAP5-1	0.960557	0.833083	0.908637
PRR5-ARHGAP8	0.810142	0.961934	0.957011
EZH2	0.965161	0.971528	0.978326
NR4A3	0.972303	0.006363	0.021272
AC020907.1	0.985719	0.998298	0.955925
LINC00943	0.981429	0.982886	0.968861
CDK5R2	0.980576	0.995112	0.996668
EPHB2	0.750367	0.965572	0.980363
MELK	0.97813	0.966213	0.976198
RASIP1	0.750367	0.975422	0.914537
SH3GL3	0.699823	0.187715	0.076009
SH3GL2	0.885719	0.991226	0.977398
SULT1C4	0.988104	0.986226	0.985049
GPA33	0.074008	0.053253	0.717577
INA	0.676598	0.976713	0.950146
SPAG5	0.589347	0.666965	0.976979
RN7SKP97	0.972556	0.957386	0.985046
TMEM132C	0.810142	0.979938	0.952835
TENM1	0.001363	0.36798	0.836067
GAD1	0.972523	0.951087	0.950958
ODF3L1	0.968579	0.9711	0.976539
STEAP1	0.952175	0.97254	0.988389
ARHGEF26	0.972523	0.966006	0.975838
SPTSSB	0.810142	0.991678	0.95076
IGLV4-60	0.981259	0.450124	0.666255
IGLV4-69	0.972527	0.977447	0.951229
IGKJ1	0.953649	0.984772	0.964993
IGKJ3	0.957681	0.951957	0.983259
IGKJ4	0.959477	0.991229	0.961098
RXRG	0.826314	0.95339	0.965885
IGHV3-20	0.98039	0.952531	0.974273
IGHV3-21	0.676598	0.9891	0.978154
IGHV3-22	0.982411	0.971868	0.975421
IGHV3-23	0.676598	0.969183	0.965168
IGLVI-70	0.985836	0.992483	0.971065
ABCA4	0.380094	0.986848	0.908637
ABCA3	0.353578	0.925311	0.957226
SCN8A	0.475381	0.405951	0.668696
NMUR1	0.498666	0.976288	0.666255
IGHV7-27	0.951378	0.992623	0.958535
DERL3	0.810142	0.97496	0.990071
DPEP2	0.865681	0.993521	0.96281
IGLC6	0.9728	0.968769	0.979371
IGLC7	0.963189	0.980633	0.968751
IGLC2	0.951802	0.164653	0.308243
IGLC3	0.438557	0.992634	0.985365
NDC80	0.993333	0.666965	0.908637
WDR86	0.438557	0.962935	0.958331
SFTPD	0.810142	0.990046	0.972082
DUXAP8	0.956169	0.981858	0.988273
DUXAP9	0.964327	0.997177	0.960174
FAM110D	0.974277	0.954247	0.952124
SPTB	0.972266	0.993896	0.950088
CORO2B	0.97372	0.971506	0.967746
CHRNB4	0.987112	0.992467	0.991255
HBEGF	0.954023	0.996452	0.984467
PODNL1	0.968226	0.997562	0.965324
ACY3	0.975485	0.976563	0.951818
BDNF	0.961462	0.951911	0.962183
ETV4	0.957325	0.981651	0.988605
IGHV3OR15-7	0.985834	0.164653	0.308243
TCEAL2	0.95549	0.994518	0.98433
LHFPL3-AS2	0.987028	0.980516	0.966415
SPN	0.977864	0.450124	0.308243
SP5	0.285035	0.950954	0.979577
OVCH2	0.699823	0.965572	0.666255
OVCH1	0.184686	0.280133	0.825683
GAP43	0.995539	0.965572	0.908637
CYP27B1	0.995634	0.955259	0.96435
THSD1	0.272574	0.965572	0.998786
SNORA73B	0.967368	0.980705	0.992074
ATP1A2	0.990536	0.979583	0.969467
KISS1R	0.953453	0.991815	0.988345
GPT2	0.285035	0.164653	0.908637
IGKV3D-20	0.972357	0.998063	0.914537
ALOX12P2	0.95174	0.970738	0.970905
RAC3	0.954236	0.969138	0.992745
CPLX2	0.810142	0.972717	0.982085
CLEC14A	0.272574	0.187715	0.717577
NPTX2	0.865681	0.006363	0.052585
LGALS4	0.972523	0.969949	0.97803
NMU	0.995145	0.164653	0.308243
PRDM12	0.952085	0.98982	0.990989
SPC25	0.285035	0.955606	0.957439
IGLV2-33	0.285035	0.164653	0.908637
FAM155B	0.962716	0.965572	0.993007
PTBP1P	0.951558	0.983252	0.961586
NOVA2	0.991069	0.984385	0.997186
VSX1	0.676598	0.450124	0.908637
DIO2	0.826314	0.451233	0.312195
ATOH7	0.810142	0.987604	0.967994
BHMT2	0.438557	0.833083	0.308243
FAM216B	0.955442	0.97886	0.994154
B3GNT4	0.978002	0.450124	0.666255
B3GNT3	0.999155	0.666965	0.908637
FAM189A2	0.697457	0.99806	0.997952
FAM189A1	0.993471	0.955261	0.989979
KRT79	0.272574	0.965572	0.992435
KRT78	0.950421	0.964291	0.97086
LBX2	0.697457	0.989607	0.966975
SIX2	0.973512	0.112692	0.182266
CRYGN	0.107649	0.957309	0.991596
NMNAT2	0.96281	0.965572	0.908637
NCCRP1	0.968671	0.99914	0.996735
FAM72D	0.810142	0.964445	0.956739
FAM72C	0.979272	0.976201	0.994572
FAM72B	0.951868	0.960509	0.997593
GPRIN1	0.466791	0.970765	0.778039
SLC44A5	0.351877	0.950557	0.849264
MSI1	0.967111	0.992287	0.987147
SHOX2	0.967739	0.925311	0.914537
HBB	0.992758	0.833083	0.908637
MUC20	0.966389	0.954084	0.95111
MUC21	0.317855	0.450124	0.952924
TPX2	0.176548	0.540498	0.076009
MFAP3L	0.964202	0.950406	0.992241
SPINK13	0.810142	0.9689	0.967704
ZNF887P	0.959727	0.965871	0.968902
ABI3BP	0.556844	0.980185	0.995802
LEMD1	0.985964	0.990864	0.998939
LGR4	0.885719	0.999218	0.908637
S100A3	0.95777	0.979477	0.999715
S100A2	0.984309	0.985181	0.981805
LRRIQ4	0.285627	0.965122	0.974219
ZNF695	0.991143	0.032366	0.052585
PGAM1P7	0.974165	0.952831	0.981227
IGKV1OR2-3	0.962478	0.956511	0.964422
IGKV1OR2-6	0.953112	0.979137	0.951262
DLL3	0.953538	0.666965	0.908637
LGI2	0.419967	0.272084	0.717577
LGI3	0.986716	0.666965	0.908637
LINC00160	0.963765	0.998826	0.961845
KIF2C	0.522027	0.99806	0.914537
KIF23	0.972523	0.992531	0.987151
TFR2	0.971431	0.666965	0.908637
WNT3A	0.955858	0.833083	0.908637
IGKV2D-40	0.977303	0.965334	0.96817
TMEM88	0.810142	0.978084	0.968543
PLK1	0.980119	0.666965	0.908637
PLK4	0.974852	0.994994	0.964337
POLQ	0.951057	0.566273	0.698279
IGLV6-57	0.676598	0.98285	0.996592
SMC1B	0.987749	0.989435	0.989415
IVL	0.660762	0.960639	0.778039
PHYHIPL	0.98933	0.969527	0.990254
PRSS35	0.074008	0.97324	0.668696
ACVRL1	0.997359	0.833275	0.914537
HEPACAM2	0.858681	0.925311	0.778039
CCNE1	0.994361	0.666965	0.908637
IGHV3OR16-9	0.995312	0.962337	0.985446
VIL1	0.985436	0.187715	0.312195
CPB2	0.983169	0.966754	0.960141
CCM2L	0.810142	0.984222	0.973078
SYNGR3	0.95006	0.97689	0.983571
SYNGR4	0.107649	0.989895	0.958777
ARNTL2	0.01171	0.450124	0.994784
SHCBP1	0.972523	0.980585	0.969456
PSCA	0.810142	0.974743	0.964897
PAEP	0.697457	0.953997	0.953665
KCNE4	0.95656	0.959939	0.961079
PRAM1	0.589347	0.977405	0.968488
SYNDIG1L	0.589347	0.666965	0.960432
IL36RN	0.285627	0.953915	0.959238
UMODL1	0.660762	0.272084	0.58689
PCMTD1P3	0.959093	0.985893	0.957432
BCHE	0.645861	0.239377	0.130683
IGHV2-5	0.958353	0.975837	0.960678
VSIG4	0.993093	0.97162	0.988652
CIT	0.779413	0.958868	0.992512
KCNIP1	0.107649	0.976634	0.981482
MOGAT2	0.498666	0.975465	0.972856
FTCD	0.154397	0.965192	0.778039
IGHV4-59	0.989001	0.97789	0.985626
SPP1	0.285627	0.965572	0.308243
RAB26	0.285035	0.98495	0.965209
GLRA3	0.154397	0.666965	0.974863
NQO1	0.986529	0.955106	0.999389
ZIC2	0.971322	0.979157	0.985642
IGKV1OR22-1	0.974878	0.960291	0.969402
IGKV1OR22-5	0.971737	0.960366	0.99466
LCN12	0.992022	0.982232	0.961622
TNS1	0.963445	0.754247	0.778039
TNS4	0.989826	0.969399	0.996255
FOXB1	0.953519	0.951487	0.951687
OLR1	0.522027	0.995095	0.914537
THPO	0.589347	0.666965	0.954403
IGF2BP1	0.962061	0.833275	0.778039
MROH2A	0.996689	0.97373	0.955645
IGKV1-33	0.676598	0.450124	0.908637
TMEM74	0.993168	0.833083	0.908637
IGKV6D-21	0.972523	0.984337	0.963224
C9orf24	0.996185	0.954993	0.981645
VIPR1	0.697457	0.963355	0.995662
TDRD5	0.526317	0.966496	0.987215
KIF20A	0.993846	0.965572	0.908637
MKI67	0.991128	0.975577	0.952833
LEMD1-AS1	0.966114	0.964926	0.977973
BUB1B	0.865681	0.112692	0.312195
GUCY2C	0.353578	0.95099	0.666255
WTAPP1	0.953683	0.986146	0.994453
CNFN	0.967629	0.984021	0.978438
ADAMTSL3	0.694041	0.125476	0.272278
HAS1	0.676598	0.450124	0.908637
CYP4F11	0.317855	0.000257	0.052585
ROBO4	0.847558	0.685453	0.578872
FGFR4	0.677374	0.970415	0.908637
CXCL2	0.810142	0.952797	0.976518
GCKR	0.142887	0.984218	0.914537
UBE2C	0.810142	0.995886	0.999437
UBE2T	0.993343	0.965911	0.966957
RPLP0P2	0.961694	0.989746	0.965952
BIRC5	0.955858	0.001462	0.013957
AC092535.3	0.993581	0.997829	0.996216
STRA6	0.983051	0.053253	0.076009
SUSD2	0.699823	0.954841	0.977385
SLC5A12	0.99634	0.958685	0.975877
ANKRD34B	0.498666	0.982412	0.982052
UNC45B	0.312486	0.952228	0.958952
ESPN	0.959284	0.666965	0.666255
IGKV1D-39	0.810142	0.999854	0.955596
IGKV1D-33	0.955152	0.991432	0.971888
ARHGEF15	0.865681	0.833083	0.990713
SLC39A8	0.984449	0.972608	0.954641
SLC39A5	0.96343	0.990305	0.999419
RET	0.041564	0.187715	0.978954
TMEM63C	0.95998	0.666965	0.666255
CA9	0.865681	0.833083	0.973961
CA3	0.971419	0.187715	0.312195
OGN	0.957286	0.015721	0.013957
IGHV3-79	0.99848	0.99525	0.973195
IGHV3-73	0.438557	0.994809	0.989316
IGHV3-71	0.965934	0.979558	0.953219
IGHV3-75	0.989207	0.983646	0.984107
IGHV3-74	0.697457	0.957339	0.968155
SEMA5A	0.221283	0.962337	0.952035
TMEM132A	0.952157	0.957466	0.95225
PECAM1	0.999714	0.958276	0.960092
GIMAP8	0.079183	0.989078	0.578872
GIMAP6	0.826314	0.451233	0.312195
GIMAP1	0.972357	0.995695	0.914537
IGKV1OR2-108	0.953331	0.997171	0.986858
TAL1	0.865681	0.951436	0.969197
CCDC85A	0.826314	0.833275	0.96234
MYCT1	0.317855	0.450124	0.986564
PNCK	0.994958	0.998495	0.957462
PLXNB3	0.685036	0.98686	0.965655
FSD1	0.826314	0.833275	0.997988
ARHGAP11A	0.957114	0.987013	0.98233
MFAP4	0.676598	0.952799	0.980769
GYPE	0.999021	0.953985	0.978234
TNFSF11	0.994375	0.450124	0.666255
DIRAS1	0.979487	0.983276	0.976156
ASPA	0.676598	0.995191	0.958555
WNK2	0.652443	0.754247	0.975541
FABP7	0.285035	0.971393	0.953485
FABP4	0.95661	0.992626	0.980735
AKR1C1	0.962303	0.959458	0.965355
IGLV3-10	0.810142	0.164653	0.666255
IGLV3-12	0.954411	0.957656	0.979416
IGLV3-16	0.697457	0.964656	0.974873
IGLV3-19	0.958595	0.164653	0.308243
GRIA1	0.039082	0.981834	0.503754
IGKV1OR2-11	0.975962	0.981566	0.968589
TLX2	0.972951	0.967749	0.973532
ADH1B	0.982937	0.976868	0.95441
SLC30A2	0.960507	0.963072	0.983126
RSPO2	0.498666	0.952208	0.666255
RSPO1	0.154397	0.666965	0.980398
IGKV3D-11	0.984403	0.978062	0.954461
IGKV3D-15	0.998661	0.053253	0.182266
CDC37P2	0.957928	0.978571	0.985651
TUBB1	0.972523	0.972028	0.975022
OLFM4	0.022739	0.451233	0.964039
EFNA4	0.810142	0.980283	0.964738
EFNA3	0.810142	0.984869	0.969784
EFNA2	0.810142	0.993362	0.972934
HELLPAR	0.957356	0.987928	0.950968
TFPI2	0.107649	0.956719	0.961746
RNF103-CHMP3	0.99816	0.973246	0.978157
CHGB	0.151315	0.187715	0.839862
RN7SKP173	0.987211	0.996256	0.965961
FOLR3	0.972523	0.991746	0.971362
PALMD	0.810142	0.98985	0.972931
CBLC	0.697457	0.953046	0.979695
PTTG1	0.285035	0.963835	0.952725
CDC45	0.697457	0.97631	0.976492
GFAP	0.750367	0.977996	0.914537
STEAP1B	0.676598	0.993837	0.958531
CD300C	0.676598	0.450124	0.908637
EPHX3	0.957108	0.976246	0.968194
EPHX4	0.699823	0.99105	0.991005
ARHGAP31	0.826314	0.833275	0.953029
LYVE1	0.697457	0.973651	0.971253
CACNA1I	0.937395	0.939319	0.839862
CACNA1B	0.807151	0.98538	0.959732
CACNA1E	0.972926	0.003536	0.004671
BMP8A	0.966783	0.984006	0.982756
SLC15A1	0.522027	0.112692	0.450137
IGLV1-40	0.954241	0.987051	0.98167
IGLV1-41	0.990198	0.997853	0.986196
IGLV1-44	0.676598	0.990381	0.962431
IGLV1-47	0.810142	0.973261	0.988118
CASP1P2	0.95151	0.957141	0.975334
PAX9	0.697457	0.97185	0.961077
DSG3	0.951057	0.001286	0.005658
IMPDH1P8	0.959288	0.996621	0.959313
C2orf91	0.982727	0.9761	0.965359
HBA1	0.981652	0.973547	0.982509
MUC5B	0.592469	0.609581	0.900599
HBA2	0.697457	0.963862	0.999669
FFAR4	0.676598	0.450124	0.908637
NUP210L	0.343943	0.975806	0.965861
OVOL1	0.995181	0.978629	0.970202
CCDC141	0.041564	0.187715	0.980611
RAET1K	0.960187	0.971802	0.975215
TUBB4A	0.940576	0.754247	0.668696
CCBE1	0.107649	0.997094	0.958203
ST8SIA6-AS1	0.974596	0.958114	0.966067
GJB3	0.957716	0.958255	0.977249
GJB2	0.990915	0.164653	0.308243
GJB5	0.979915	0.956542	0.972862
GJB6	0.966539	0.953463	0.995213
FOXI3	0.965883	0.995658	0.962884
SLIT3	0.389138	0.133736	0.031537
SLIT2	0.744023	0.920231	0.979687
CDKN2A	0.232974	0.925311	0.503754
GPIHBP1	0.972523	0.959099	0.960641
NME1	0.966424	0.962261	0.98855
FREM3	0.997436	0.97096	0.951366
CYP4F3	0.292634	0.006363	0.163925
VSTM2L	0.992308	0.969586	0.957832
GSTM5	0.676598	0.985439	0.985875
CPT1B	0.438557	0.978166	0.955851
MCM4	0.280679	0.952122	0.908637
DUSP13	0.979406	0.955828	0.991805
OPRD1	0.96272	0.973365	0.998239
PKMYT1	0.987807	0.988861	0.95796
TF	0.018804	0.112692	0.992022
ANKRD18B	0.980129	0.950309	0.979196
ANKRD18A	0.810142	0.990929	0.976859
SH2D5	0.865681	0.959869	0.981744
SH2D6	0.997587	0.996907	0.992064
SLC25A48	0.697457	0.961138	0.976637
ADTRP	0.981813	0.164653	0.308243
MNX1	0.972523	0.112692	0.076009
P4HA3	0.964295	0.450124	0.666255
IL5RA	0.074008	0.980005	0.668696
STRIP2	0.699823	0.950143	0.98653
PEAR1	0.419967	0.272084	0.717577
VEPH1	0.154397	0.666965	0.987853
PROC	0.310161	0.666965	0.989711
MYBPC1	0.685036	0.540498	0.839862
TBX15	0.343943	0.451233	0.952833
CCNB2	0.968154	0.969109	0.957709
CCNB1	0.697457	0.971403	0.987144
FEZF1-AS1	0.994991	0.955452	0.97816
DDN	0.865681	0.006363	0.052585
ERN2	0.826314	0.086713	0.052585
RIMBP2	0.969385	0.027974	0.03091
IGKV6-21	0.699823	0.187715	0.076009
ECEL1	0.677374	0.925311	0.98206
TERT	0.983304	0.015721	0.076009
SYNPO2L	0.961224	0.959196	0.969612
PKD1L2	0.272574	0.965572	0.983854
PNMA3	0.589347	0.980578	0.970506
PNMA5	0.975364	0.964852	0.968243
PCOLCE2	0.250039	0.833275	0.988582
CNTNAP2	0.679458	0.058646	0.147652
DPEP1	0.994228	0.999398	0.998027
MAP7D2	0.865681	0.833083	0.988424
HORMAD1	0.438557	0.833083	0.308243
OR2B6	0.961865	0.965572	0.908637
GABBR2	0.677374	0.361029	0.182266
SSTR1	0.059503	0.956974	0.308243
SOX11	0.699823	0.965572	0.666255
SOX17	0.996344	0.980312	0.972838
HES6	0.988323	0.989836	0.984175
IGHV1-58	0.699823	0.187715	0.076009
PPFIA4	0.963546	0.187715	0.182266
TM4SF4	0.697457	0.955885	0.996464
HGD	0.973092	0.966916	0.972399
CILP	0.660762	0.272084	0.58689
PKP1	0.510278	0.956633	0.908637
METTL7B	0.697457	0.980651	0.994466
OACYLP	0.992832	0.980481	0.970131
TNNI3	0.699823	0.967093	0.969964
FOXA3	0.972523	0.98839	0.967939
LBP	0.983879	0.000257	0.005521
INSM1	0.285627	0.965572	0.308243
GAL	0.959524	0.958111	0.987951
LINC00887	0.979729	0.958938	0.996824
PDIA2	0.676598	0.450124	0.908637
DACH1	0.391822	0.867262	0.450137
MUC2	0.96709	0.958144	0.959328
MUC6	0.627998	0.711146	0.450137
MUC4	0.999664	0.451233	0.58689
ADRB2	0.961328	0.984361	0.957274
DNASE1L3	0.972523	0.99488	0.958706
HPDL	0.999761	0.984289	0.98109
CTHRC1	0.955013	0.990402	0.992518
UCN2	0.971612	0.981531	0.964615
TRIM10	0.353578	0.361029	0.076009
TRIM17	0.972523	0.996202	0.962239
AKR1C2	0.993617	0.666965	0.666255
AKR1C3	0.971372	0.986247	0.952224
NXPH3	0.963802	0.995478	0.993106
NXPH4	0.697457	0.952602	0.963696
ELAVL2	0.151315	0.983024	0.578872
CAMP	0.954134	0.666965	0.666255
C1orf220	0.992858	0.98743	0.982805
LYPD6B	0.438557	0.968432	0.976218
AC024940.1	0.961149	0.96002	0.959791
XDH	0.587704	0.361029	0.717577
PPBP	0.810142	0.164653	0.666255
DDIT4L	0.991238	0.998385	0.996052
SLC16A14	0.697457	0.666965	0.308243
SPINK1	0.992282	0.979766	0.981067
HAVCR1	0.952016	0.965572	0.9767
IL22RA2	0.999437	0.666965	0.908637
PTGES	0.962326	0.95774	0.992288
ANKRD29	0.697457	0.985497	0.984227
SOHLH2	0.986105	0.971607	0.983415
CA4	0.317855	0.966942	0.958667
UHRF1	0.958341	0.972218	0.958925
CELF5	0.950289	0.969789	0.979038
CELF3	0.962257	0.968485	0.982374
PTX3	0.975468	0.981365	0.958773
RAI2	0.677374	0.958492	0.908637
RSPO4	0.697457	0.993284	0.961204
EXO1	0.961357	0.992329	0.97508
AGMAT	0.996133	0.957802	0.967319
EPAS1	0.956405	0.992971	0.96883
ALOX15	0.676598	0.980273	0.955935
SEMA6D	0.697406	0.133736	0.301676
SEMA6A	0.379463	0.954687	0.958895
ASF1B	0.697457	0.96728	0.981518
IGHV4-80	0.994597	0.997125	0.964942
DUXAP10	0.97387	0.963688	0.975715
IGHV7-81	0.972523	0.998266	0.98949
SLC25A5P5	0.963443	0.986533	0.97753
OGDHL	0.059031	0.058697	0.594624
PI16	0.972523	0.833083	0.666255
MCIDAS	0.985518	0.970595	0.995601
RXFP1	0.526317	0.451233	0.839862
SOX21-AS1	0.992603	0.99255	0.99916
HGFAC	0.885719	0.986307	0.908637
TMPRSS4	0.285035	0.972038	0.988763
FAM83B	0.368892	0.976806	0.952833
FAM83A	0.285627	0.981858	0.964065
FAM83D	0.993065	0.833083	0.908637
NEK2	0.96629	0.968059	0.972689
SCG5	0.697457	0.97693	0.987365
IGHV1-24	0.285035	0.164653	0.908637
COLEC10	0.972741	0.976486	0.984304
AKAP14	0.697457	0.967663	0.997625
AKR7L	0.958827	0.979844	0.990068
ALG1L2	0.997583	0.961851	0.978623
PTPN21	0.438557	0.963819	0.979699
ADAMTS1	0.499039	0.958882	0.994649
ADAMTS8	0.042134	0.981772	0.914537
CDH5	0.961463	0.962048	0.955989
NETO1	0.694525	0.791175	0.972953
CILP2	0.858681	0.361029	0.58689
FGD5	0.284421	0.627422	0.984237
SLC5A9	0.498666	0.960511	0.988726
CARD14	0.972523	0.112692	0.076009
SLC6A3	0.438557	0.112692	0.013957
C12orf56	0.975082	0.957109	0.998672
GRM4	0.380094	0.968045	0.908637
IGLV3-21	0.285035	0.951796	0.988979
IGLV3-25	0.957475	0.986297	0.952465
EPN3	0.971048	0.987499	0.999308
FGF20	0.982336	0.959481	0.993485
YWHAEP7	0.962805	0.968452	0.950568
ECT2	0.589347	0.964141	0.990832
NECAB1	0.697457	0.998007	0.958994
PVT1	0.97822	0.992686	0.988631
SPOCK1	0.292634	0.112692	0.58689
SPOCK2	0.697457	0.995452	0.968889
SLC5A5	0.972523	0.950387	0.96308
GRHL3	0.699823	0.965572	0.666255
GCLC	0.980095	0.925311	0.914537
ALB	0.960001	0.965572	0.908637
LILRA5	0.959017	0.965572	0.908637
AK4P1	0.954365	0.959627	0.982415
KIRREL2	0.978489	0.540498	0.58689
TGFBR3	0.685036	0.540498	0.839862
SRMS	0.975671	0.925311	0.975046
MLLT11	0.9996	0.975728	0.967475
LINC00519	0.969284	0.964332	0.95858
LINC00511	0.987865	0.979951	0.989305
SOX7	0.127927	0.055908	0.000595
INHBE	0.983262	0.015721	0.013957
TSHR	0.764634	0.968416	0.98457
SH2D3C	0.272574	0.976809	0.668696
CDA	0.990463	0.974909	0.982018
ABCC2	0.08064	0.963214	0.503754
ABCC3	0.750367	0.965572	0.98538
IGHV1OR21-1	0.739858	0.269413	0.163925
ENPP3	0.039082	0.987095	0.503754
UPK3B	0.990933	0.96838	0.973047
UPK3A	0.676598	0.985059	0.95014
TMPRSS11E	0.951964	0.124301	0.100646
COX4I2	0.970906	0.955564	0.997653
TMEM212	0.981273	0.968601	0.998497
MCM10	0.955691	0.833275	0.778039
IGFBPL1	0.285035	0.164653	0.908637
SIX1	0.979387	0.975948	0.958342
CFHR3	0.998599	0.032366	0.052585
TMEM145	0.96449	0.361029	0.450137
RTKN2	0.676598	0.450124	0.908637
FER1L4	0.977838	0.975625	0.992697
SMOC1	0.750367	0.000762	0.015423
MYBL2	0.522027	0.833083	0.970739
TTC3-AS1	0.989222	0.983105	0.984849
HABP2	0.589347	0.666965	0.953217
NDRG4	0.317855	0.992581	0.99592
HMGB2P1	0.983604	0.967096	0.987738
TTYH1	0.971251	0.998471	0.978585
IGKV1-39	0.958419	0.96572	0.979978
HNF4G	0.142887	0.015721	0.450137
HNF4A	0.971174	0.97734	0.97205
HELLS	0.285627	0.979797	0.969203
FSIP2	0.896795	0.980423	0.991679
IGHV5-51	0.865681	0.958569	0.992424
ANGPT1	0.292634	0.999092	0.778039
ANGPT4	0.98528	0.833275	0.914537
IGLV2-14	0.697457	0.967241	0.969038
IGLV2-18	0.979564	0.015721	0.076009
SCARA5	0.750367	0.983958	0.914537
USH1C	0.892453	0.711146	0.58689
KBTBD12	0.977935	0.985469	0.989399
FPR2	0.522027	0.997461	0.914537
IGKV1-5	0.652443	0.976101	0.956828
IGKV1-6	0.107649	0.164653	0.956991
IGKV1-8	0.972523	0.112692	0.076009
IGKV1-9	0.699823	0.965572	0.666255
FRMD5	0.961758	0.95319	0.95898
PKNOX2	0.958196	0.000762	0.006142
FRMD3	0.99788	0.992157	0.995837
PRX	0.993832	0.961594	0.976186
SPDYE3	0.438557	0.975756	0.982886
TMEM59L	0.285627	0.965572	0.308243
NKX3-2	0.699823	0.987454	0.978524
CPNE7	0.317855	0.000257	0.052585
CPNE4	0.018804	0.112692	0.985845
DNMT3B	0.973875	0.925311	0.914537
ESPL1	0.968268	0.996097	0.95298
SULT4A1	0.317855	0.978158	0.961165
C20orf202	0.966272	0.964185	0.969133
COL10A1	0.677374	0.925311	0.962602
CHKB-CPT1B	0.956226	0.960898	0.966363
RS1	0.285035	0.951204	0.979337
E2F7	0.779413	0.685453	0.914537
E2F2	0.589347	0.95512	0.965819
E2F8	0.972523	0.833083	0.666255
SNORA22	0.962368	0.975532	0.983752
PYCR1	0.810142	0.953215	0.961196
IL36G	0.959531	0.965572	0.908637
LIPN	0.970282	0.961797	0.954041
CD300LG	0.986268	0.954392	0.985057
FEZ1	0.498666	0.986442	0.666255
ZG16B	0.438557	0.9638	0.994748
FOXD1	0.9987	0.961364	0.998017
C11orf91	0.994923	0.964929	0.95397
WDR38	0.317855	0.998709	0.971037
ASPHD1	0.960711	0.987896	0.993923
ACHE	0.676598	0.968345	0.983743
PRB3	0.885719	0.964198	0.968036
GDA	0.151315	0.99764	0.578872
PTPRQ	0.981844	0.975993	0.983883
PTPRB	0.435757	0.201181	0.517875
PTPRN	0.582449	0.441216	0.668696
PTPRH	0.989988	0.867262	0.952833
SAA2	0.810142	0.164653	0.666255
LINC00857	0.99439	0.987135	0.955033
AUNIP	0.992447	0.988926	0.987902
CDC6	0.676598	0.988919	0.966728
FGF2	0.977101	0.991484	0.968416
LTBP4	0.999522	0.96085	0.99599
ECEL1P2	0.972322	0.988184	0.990987
SLC25A10	0.970499	0.998473	0.974529
VIT	0.587704	0.925311	0.668696
TMEM88B	0.999056	0.951495	0.970597
COX6B2	0.995403	0.969878	0.974751
CLDN9	0.962108	0.961679	0.962402
CLDN5	0.953383	0.980888	0.956232
CLDN6	0.991944	0.977825	0.957473
LGALS7B	0.985339	0.979213	0.963523
SNX22	0.955909	0.965471	0.9559
PANX2	0.973615	0.955747	0.999397
ZBTB16	0.292634	0.991195	0.778039
C1orf158	0.697457	0.987639	0.979381
LINC00460	0.997848	0.99944	0.960109
ACMSD	0.975299	0.450124	0.666255
CRLF1	0.885719	0.977957	0.996408
TNFRSF18	0.955229	0.980671	0.974623
CHODL	0.865681	0.833083	0.959769
CLEC3B	0.971367	0.96728	0.975008
AMBP	0.972523	0.833083	0.666255
CYP2F1	0.99438	0.985902	0.995777
VWFP1	0.953781	0.992107	0.984595
MIR4653	0.986531	0.972689	0.994579
IGKV2D-30	0.750367	0.986815	0.914537
MEG8	0.979279	0.999113	0.990493
IL31RA	0.0009	0.450124	0.94364
IGLV9-49	0.970279	0.971419	0.97229
CALCA	0.865681	0.112692	0.312195
CALCB	0.998723	0.450124	0.308243
IGLV2-8	0.966657	0.964393	0.972585
CKM	0.676598	0.977156	0.986005
IGLV2-5	0.984637	0.991101	0.983278
ARHGAP6	0.343943	0.451233	0.952833
ANXA10	0.970857	0.989729	0.996264
CD79A	0.969579	0.164653	0.308243
CATSPERD	0.498666	0.272084	0.076009
CATSPERB	0.9927	0.957273	0.972848
FAM178B	0.984051	0.990265	0.970275
TRHDE	0.190919	0.758262	0.993165
HOXC9	0.810142	0.164653	0.666255
HOXC8	0.697457	0.96378	0.964025
IGHV7-4-1	0.954646	0.97645	0.976244
IGLJ2	0.956149	0.99255	0.980803
IGKV3OR2-268	0.970515	0.962225	0.988412
CXCL13	0.810142	0.950913	0.992317
CXCL14	0.810142	0.978359	0.991615
HCN1	0.504365	0.237747	0.511612
HCN2	0.285035	0.956242	0.962846
GOLGA7B	0.983211	0.963148	0.966047
SIM2	0.189891	0.997857	0.308243
MEX3A	0.978575	0.957341	0.982704
MIR5195	0.972425	0.980728	0.979589
TEK	0.699823	0.986492	0.967761
DEPDC1	0.677374	0.925311	0.969787
DEPDC7	0.960115	0.975764	0.990121
STXBP6	0.972523	0.971183	0.956536
S1PR1	0.958372	0.925311	0.989421
DMBX1	0.858681	0.361029	0.58689
PRKCG	0.764634	0.451233	0.717577
SNORA14B	0.955687	0.997792	0.95894
IGHV4-31	0.956875	0.969311	0.979288
STIL	0.292634	0.972588	0.778039
FAM162B	0.953292	0.956983	0.960685
IL6	0.810142	0.164653	0.666255
RAMP1	0.810142	0.987524	0.999044
RAMP3	0.810142	0.951568	0.964113
RAMP2	0.986121	0.963288	0.980158
CENPU	0.697457	0.666965	0.308243
CGREF1	0.676598	0.975852	0.979427
MTHFD1P1	0.966449	0.999252	0.987509
ANLN	0.965496	0.995884	0.999125
GDF10	0.847558	0.627422	0.839862
MYH16	0.990515	0.983939	0.975702
IGHV3OR16-12	0.995337	0.967944	0.99452
IGHV3OR16-15	0.95374	0.976502	0.957493
CGNL1	0.310161	0.666965	0.95801
LINC00543	0.981099	0.96839	0.989909
IGKV1D-17	0.952056	0.968744	0.968597
IGKV1D-16	0.041564	0.998092	0.440109
IGKV1D-13	0.062798	0.983328	0.778039
IGKV1D-12	0.976617	0.965572	0.908637
SLC9A2	0.079183	0.833083	0.996237
SLC9A3	0.292634	0.833083	0.995698
ARHGEF39	0.951375	0.976713	0.957912
TBX4	0.991035	0.016956	0.031537
FAP	0.970171	0.982669	0.995675
C1QL1	0.962784	0.164653	0.308243
SCN7A	0.970877	0.01328	0.03091
IGHV3-53	0.750367	0.965572	0.991623
IGHV3-52	0.999674	0.959746	0.976384
SEMA3G	0.967884	0.981284	0.995787
DDX11-AS1	0.99941	0.997255	0.970789
SNORD14E	0.972505	0.96753	0.998969
C20orf85	0.972523	0.995468	0.984105
C1QTNF6	0.996811	0.965887	0.988957
C17orf78	0.438557	0.833083	0.308243
PRR11	0.285035	0.968006	0.980237
LINC00032	0.994582	0.972229	0.977646
HNRNPA1P27	0.992107	0.960461	0.977715
SRGAP3-AS2	0.970738	0.986044	0.960096
A2ML1	0.236548	0.791175	0.998689
MYOC	0.232974	0.925311	0.503754
ERVH48-1	0.973405	0.995288	0.980833
INSRR	0.979369	7.4e-05	0.000244
FOSB	0.952918	0.164653	0.308243
MYT1	0.387595	0.711146	0.986851
TCF24	0.999699	0.990397	0.964673
TMEM171	0.969531	0.986676	0.970317
APOLD1	0.697457	0.99069	0.962996
IGLV3-1	0.95444	0.997159	0.96562
IGLV3-9	0.96126	0.450124	0.666255
S100P	0.999408	0.961449	0.982819
CASP12	0.958862	0.978634	0.970061
CYP27C1	0.810142	0.001462	0.076009
DQX1	0.965852	0.965572	0.908637
HSF2BP	0.999847	0.971156	0.963491
DLC1	0.981864	0.992635	0.965216
ORC6	0.959688	0.450124	0.308243
ORC1	0.987821	0.112692	0.182266
SBSN	0.959819	0.9616	0.969106
CNTFR	0.972523	0.986316	0.974536
BARX2	0.967516	0.955772	0.952169
CABYR	0.993114	0.954547	0.97165
BARX1	0.970334	0.963754	0.95909
ADAMTS9-AS1	0.953762	0.957786	0.955323
PGLYRP1	0.697457	0.967416	0.958839
ACRV1	0.697457	0.969695	0.992829
RN7SL674P	0.95054	0.958332	0.991884
PGLYRP4	0.865681	0.992582	0.993923
RGS20	0.952546	0.833083	0.908637
RECQL4	0.973929	0.981142	0.975054
SAA1	0.954288	0.980249	0.988329
C20orf197	0.285035	0.164653	0.908637
CHEK1	0.985258	0.666965	0.666255
GINS2	0.99969	0.976426	0.978
GINS1	0.975658	0.983112	0.951692
GINS4	0.982019	0.965171	0.964241
PLD5	0.310161	0.001752	0.100646
C6	0.977948	0.711146	0.839862
CP	0.865681	0.833083	0.961875
PROX1-AS1	0.993657	0.988395	0.994855
CASKIN1	0.957216	0.016082	0.052585
IL7R	0.987567	0.985362	0.98382
SATB2-AS1	0.992263	0.984544	0.979295
FAM131C	0.950893	0.99764	0.978946
IGHV7-56	0.956845	0.96473	0.956035
TRIP13	0.074008	0.053253	0.717577
FGFBP2	0.950657	0.997608	0.987244
TCL6	0.810142	0.957608	0.957853
RPL13AP17	0.999113	0.950541	0.985445
PLEK2	0.987974	0.450124	0.308243
TCTE1	0.676598	0.450124	0.908637
SNORA5A	0.994978	0.973613	0.96076
CLSPN	0.155385	0.833083	0.988478
SLC2A1-AS1	0.990088	0.998469	0.95442
MUC3A	0.616536	0.980817	0.957848
PACSIN1	0.976593	0.978346	0.989319
IGKV5-2	0.970683	0.983871	0.950114
HAL	0.107649	0.96795	0.98324
LRRC71	0.697457	0.981184	0.994797
TRIM31-AS1	0.976093	0.952494	0.965438
SCARNA6	0.964958	0.955812	0.979872
LGSN	0.699823	0.965572	0.666255
IGKV7-3	0.964198	0.983984	0.983227
ANKRD36BP2	0.987723	0.965012	0.972215
TOX3	0.285627	0.965572	0.308243
PCSK1N	0.980203	0.956868	0.963832
PRG4	0.630877	0.523241	0.385649
FAM133A	0.982225	0.968901	0.969181
HNF1A	0.285035	0.992147	0.979505
PROM2	0.972523	0.833083	0.666255
CSF3	0.954667	0.954589	0.999732
CNTN6	0.982045	0.027346	0.031537
SNORD72	0.995148	0.965949	0.969896
CNGA1	0.968637	0.962831	0.968428
CNGA3	0.965969	0.925311	0.966488
AIM2	0.498666	0.993685	0.666255
TRIM31	0.697457	0.966345	0.99032
FAM107A	0.954225	0.972448	0.965412
IQGAP3	0.972712	0.979078	0.978124
TUBA4B	0.991066	0.999527	0.992766
RNF183	0.810142	0.975192	0.969144
MROH6	0.676598	0.981555	0.972628
SYT12	0.438557	0.973516	0.950727
SYT13	0.660762	0.987968	0.778039
SYT16	0.379463	0.962767	0.994751
SYT14	0.272574	0.965572	0.968027
SYT15	0.699823	0.965572	0.666255
NDP	0.967124	0.99155	0.961987
UBE2QL1	0.988071	0.985184	0.965226
MRC1	0.970674	0.965895	0.96785
SPC24	0.810142	0.983676	0.986677
KL	0.587704	0.925311	0.668696
HSPA12B	0.522027	0.975204	0.914537
GPM6A	0.982136	0.999855	0.978441
KIF25-AS1	0.954994	0.969886	0.99604
ABCA8	0.953848	0.451233	0.450137
F5	0.180482	0.443926	0.986957
F7	0.982718	0.983125	0.964286
HTR3A	0.973153	0.976194	0.954195
DYNLRB2	0.107649	0.965531	0.973298
PDZD2	0.136961	0.055908	0.508819
VSIG1	0.972523	0.112692	0.076009
KCND2	0.937395	0.991287	0.953424
TCAM1P	0.969026	0.956325	0.976187
NGEF	0.985626	0.95522	0.992134
LY6D	0.285035	0.164653	0.908637
LY6K	0.996599	0.991616	0.955337
SERPINA5	0.764634	0.833275	0.668696
TSPAN8	0.676598	0.984697	0.986315
IGHV4-28	0.955323	0.996139	0.983449
XKRX	0.973467	0.964614	0.997675
LINC00665	0.985641	0.950042	0.980475
GOLM1	0.979104	0.982992	0.976672
XKR9	0.885719	0.966724	0.987701
CALML3-AS1	0.958804	0.994405	0.994843
HJURP	0.062798	0.450124	0.978614
DOK5	0.865681	0.985296	0.994035
RAB3B	0.810142	0.951247	0.995047
GDNF	0.317855	0.015721	0.312195
PPP2R2C	0.865681	0.833083	0.964951
TTK	0.018804	0.833083	0.951043
MIOX	0.971118	0.450124	0.308243
MYEOV	0.865681	0.98384	0.964725
SRPK3	0.885719	0.958611	0.99022
ITIH5	0.988602	0.974958	0.981386
TONSL	0.885719	0.96104	0.9808
KIF5A	0.487852	0.939319	0.58689
MASP1	0.312486	0.968239	0.970838
CDK1	0.978078	0.959746	0.97409
ECSCR	0.970426	0.985496	0.968417
RAD51	0.982606	0.993842	0.979109
IGKV4-1	0.994853	0.960884	0.998602
ADRB1	0.971104	0.993174	0.969082
SIRPB1	0.865681	0.953848	0.997895
SMPX	0.810142	0.953786	0.95743
C14orf39	0.995778	0.666965	0.666255
RMDN2-AS1	0.985292	0.958793	0.972843
HOXC6	0.810142	0.983958	0.979901
TFF1	0.956851	0.975968	0.988269
ABCC13	0.993149	0.954027	0.950027
ABCC11	0.985398	0.959072	0.959199
DEPDC1B	0.676598	0.015721	0.182266
ANO2	0.616536	0.685453	0.503754
COL3A1	0.636768	0.988828	0.991087
MYZAP	0.697457	0.953378	0.977192
APOBEC3B	0.810142	0.994717	0.95184
C10orf67	0.950204	0.980221	0.985212
SLC1A7	0.99354	0.450124	0.308243
SLC1A1	0.142887	0.954488	0.914537
SLC2A5	0.697457	0.666965	0.308243
FA2H	0.810142	0.164653	0.666255
SLC2A1	0.972422	0.986768	0.978123
CEACAM1	0.317855	0.971569	0.983947
CEACAM5	0.522027	0.964106	0.914537
CEACAM7	0.996385	0.979725	0.97683
CEACAM8	0.971074	0.666965	0.908637
FZD9	0.976113	0.967117	0.995806
NAT8L	0.969161	0.96738	0.950534
FMO2	0.858681	0.964188	0.988274
STX1A	0.986954	0.955354	0.953262
KRT80	0.317855	0.450124	0.963099
KRT81	0.991186	0.954388	0.962334
STX11	0.676598	0.998674	0.974348
STK31	0.466791	0.016082	0.163925
DPP6	0.351877	0.269413	0.698279
BCAN	0.892453	0.041182	0.031537
DUSP9	0.589347	0.666965	0.969289
DUSP4	0.984023	0.450124	0.308243
OR51E1	0.972523	0.833083	0.666255
TRPA1	0.591973	0.46207	0.749299
RHCG	0.865681	0.112692	0.312195
AHNAK2	0.214543	0.082685	0.382287
SCN4A	0.556844	0.041182	0.18072
SCN4B	0.810142	0.983925	0.96463
IGHV3-60	0.973867	0.99888	0.95267
IGHV3-62	0.963495	0.955508	0.963374
IGHV3-64	0.971066	0.958446	0.95102
IGHV3-66	0.810142	0.001462	0.076009
KCNQ5	0.982729	0.833275	0.778039
KCNQ3	0.522027	0.112692	0.450137
UNC5CL	0.972523	0.988506	0.993296
TNNC1	0.963026	0.975624	0.992395
TNNC2	0.998737	0.985757	0.95492
CYP3A7	0.978822	0.015721	0.013957
AFAP1-AS1	0.957639	0.983973	0.962255
LDB2	0.499039	0.994301	0.970848
MYH2	0.929418	0.501907	0.447519
TBX18	0.652443	0.994113	0.998207
PIP5K1B	0.142887	0.967906	0.914537
GPR35	0.885719	0.967547	0.908637
GPR37	0.764634	0.833275	0.668696
TRIM72	0.510278	0.451233	0.182266
RPL23AP77	0.977963	0.966817	0.9611
TRAPPC3L	0.985865	0.992732	0.987646
CLDN10	0.885719	0.961823	0.952469
CLDN18	0.966767	0.666965	0.666255
LINC00707	0.967274	0.961472	0.973544
LINC00702	0.993734	0.9861	0.955426
C1ORF220	0.438557	0.981705	0.971651
GPX3	0.984542	0.98427	0.956431
GPX2	0.810142	0.975662	0.960533
NTS	0.994818	0.666965	0.908637
NTM	0.587704	0.361029	0.717577
ST6GALNAC5	0.155385	0.833083	0.982076
MCHR1	0.697457	0.053253	0.013957
SAPCD2	0.968381	0.164653	0.308243
LINGO1	0.498666	0.272084	0.076009
STYK1	0.285627	0.985585	0.992597
ARC	0.950765	0.972405	0.953799
SFTPA2	0.95735	0.982352	0.994759
SFTPA1	0.958109	0.997076	0.996358
MEGF10	0.976042	0.383888	0.508819
CPS1	0.511437	0.807649	0.517875
IGKV3-20	0.972523	0.976489	0.969601
SELE	0.985361	0.754247	0.778039
RMI2	0.992432	0.974394	0.961229
IGKV1D-43	0.750367	0.988259	0.914537
SLC7A10	0.697457	0.975161	0.972954
SLC7A11	0.950994	0.990035	0.99473
SELP	0.02193	0.95644	0.552087
total_mutations	0.974765	0.991245	0.966819
