Gene	23	21	31
CPHL1P	0.984763	0.979223	0.964956
ITGA8	0.107142	0.152778	0.797926
ARTN	0.969003	0.985574	0.965076
ART4	0.966192	0.976134	0.706983
STAU2-AS1	0.963904	0.993863	0.970053
MSL3P1	0.979334	0.974136	0.960397
RNF182	0.673443	0.480131	0.972194
B3GAT1	0.597348	0.979169	0.573161
GSDMC	0.99674	0.219796	0.307067
DLGAP5	0.958557	0.972427	0.960125
OIP5	0.984316	0.963403	0.988142
MZB1	0.980182	0.984734	0.802093
MSMB	0.597348	0.959904	0.307067
SOX21	0.988723	0.990468	0.802093
HOXA10	0.958965	0.985678	0.802093
GCNT3	0.97377	0.960127	0.802093
CCDC173	0.968198	0.999206	0.984088
PDK4	0.862394	0.960358	0.998341
IGHV1-2	0.597348	0.847148	0.84632
BHLHA15	0.985572	0.991703	0.98377
IGHV4-4	0.862394	0.956521	0.277588
MB	0.979866	0.952635	0.970184
SLC17A9	0.229414	0.986011	0.068685
CYP4A22-AS1	0.965805	0.97311	0.97787
SYT2	0.992363	0.668484	0.715337
SYT5	0.977424	0.480131	0.103043
SYT6	0.959843	0.421721	0.297331
SYT7	0.958048	0.536894	0.196081
IGKV1-12	0.427212	0.970528	0.13583
IGKV1-16	0.457556	0.997728	0.140717
IGKV1-17	0.229414	0.436273	0.562819
BRIP1	0.170411	0.357425	0.500632
ENO3	0.964648	0.98153	0.957245
SNORD94	0.967498	0.97273	0.962468
CNGB1	0.975634	0.969508	0.297331
NKAIN4	0.973007	0.974987	0.966571
NKAIN3	0.984613	0.986207	0.706983
NKAIN1	0.979846	0.96131	0.989374
VGF	0.862394	0.957922	0.968354
WNT3	0.978667	0.962523	0.990407
PACRG	0.170411	0.977509	0.010554
IGHV5-78	0.953457	0.994627	0.99046
KCP	0.965143	0.989682	0.963052
ADAM12	0.591419	0.735915	0.910723
PCSK1	0.983814	0.954524	0.974581
CCNA2	0.862394	0.95823	0.277588
SKA1	0.984798	0.847148	0.447401
SKA3	0.978741	0.976229	0.988434
SVEP1	0.031865	0.037209	0.941311
PHACTR1	0.9851	0.668484	0.293186
ARHGAP40	0.985039	0.96534	0.955842
TNNT1	0.97378	0.985596	0.958075
TESC	0.978959	0.953278	0.982497
AOC3	0.862394	0.847148	0.999792
IGLV1-36	0.963271	0.955008	0.97919
ESPNP	0.960285	0.985135	0.978734
KCNA4	0.272035	0.198949	0.986901
KCNA5	0.071626	0.140826	0.595986
BHMT	0.999235	0.847148	0.988127
PLA2G2C	0.957162	0.992125	0.978814
SPTBN2	0.311242	0.243875	0.984757
IGKV2-30	0.311242	0.668484	0.447305
SERPINB5	0.862394	0.668484	0.964127
SERPINB7	0.427212	0.357425	0.955212
TRIM58	0.849903	0.659981	0.972876
ZNF252P-AS1	0.980138	0.980047	0.989933
GPR146	0.978422	0.971827	0.982656
SLC7A9	0.862394	0.847148	0.981622
IGHV1-45	0.427212	0.963802	0.297331
IGHV1-46	0.975634	0.894815	0.13583
GLIPR2	0.968899	0.988992	0.984487
ACTN2	0.283372	0.376033	0.835675
LINC00634	0.972763	0.989008	0.972223
TMPRSS6	0.311242	0.97153	0.145706
SLC35F3	0.597348	0.436273	0.98821
FOXF1	0.597348	0.847148	0.84632
HAR1B	0.964327	0.974191	0.998874
INSL3	0.998952	0.95654	0.965622
RDM1	0.963464	0.968946	0.993611
INMT	0.597348	0.668484	0.978581
NPTX1	0.951602	0.961449	0.802093
PTCHD3P2	0.963302	0.972153	0.980362
GLDN	0.996164	0.955226	0.953609
GLDC	0.127247	0.243875	0.586277
QPCT	0.962011	0.965123	0.706983
GRK5	0.862394	0.436273	0.696917
RN7SL1	0.976799	0.985708	0.963205
RN7SL3	0.983358	0.990692	0.990116
CAPSL	0.427212	0.847148	0.50388
MYADML2	0.987466	0.997378	0.952845
HPCA	0.984622	0.480131	0.802093
IGSF10	0.053881	0.082538	0.783311
EFCC1	0.96494	0.996323	0.706983
RBBP8NL	0.966512	0.967454	0.802093
GPC3	0.956922	0.436273	0.365707
LOXHD1	0.996989	0.992149	0.976968
HMGB3	0.976732	0.967562	0.994618
EEF1A2	0.974911	0.357425	0.260105
CALY	0.952634	0.976752	0.975833
C5orf46	0.990404	0.975203	0.992692
TRIM9	0.975634	0.532183	0.653257
PAH	0.597348	0.536894	0.98368
LYPD3	0.993707	0.894815	0.988091
LYPD1	0.862394	0.987226	0.663374
FAT2	0.031865	0.073268	0.545591
AKR7A3	0.862394	0.668484	0.958824
CKMT1A	0.977177	0.97349	0.802093
CKMT1B	0.96469	0.966296	0.95108
BCL2L15	0.967828	0.980507	0.965051
BCL2L10	0.962951	0.979726	0.802093
IGHV1-3	0.985646	0.966503	0.999667
SLC38A3	0.987424	0.984067	0.973956
YBX2	0.952391	0.968943	0.961429
ERG	0.311242	0.668484	0.447305
FAM172BP	0.974106	0.994098	0.957602
IBSP	0.597348	0.847148	0.84632
SOSTDC1	0.975332	0.997344	0.971349
IGLL1	0.974981	0.957915	0.964196
IGLL5	0.862394	0.994423	0.974214
CEP55	0.463273	0.421721	0.953718
ATP10B	0.765101	0.949997	0.85724
CPXM1	0.311242	0.436273	0.832401
PLAC1	0.968008	0.955933	0.963963
PLAC4	0.979543	0.985108	0.976819
PLAC9	0.986224	0.998747	0.990687
DLX5	0.975634	0.735915	0.979216
DLX3	0.97421	0.985956	0.958748
IGHV3OR16-6	0.998	0.978805	0.959131
IGHV3OR16-8	0.975634	0.735915	0.979216
FERMT1	0.427212	0.988983	0.13583
KLHDC8A	0.862394	0.847148	0.991298
DPYD-AS1	0.974253	0.989253	0.958941
RETN	0.989283	0.987385	0.990061
IGKV1D-8	0.862394	0.958929	0.663374
VWF	0.127247	0.048684	0.573715
CDH17	0.591419	0.626063	0.952759
B4GALNT4	0.311242	0.668484	0.447305
B4GALNT1	0.597348	0.668484	0.98221
B4GALNT2	0.597348	0.536894	0.98915
C1orf87	0.862394	0.981337	0.955981
KIFC1	0.958392	0.626985	0.84632
HS6ST2	0.980442	0.994871	0.976422
TAF7L	0.970573	0.847148	0.988127
GDPD4	0.597348	0.668484	0.994353
FCRL4	0.095355	0.536894	0.072457
FCRL5	0.127247	0.069191	0.798882
IGLV5-45	0.970946	0.956346	0.951221
IGLV5-48	0.963257	0.976791	0.706983
PNMA6A	0.958279	0.975218	0.95248
LRRC2	0.996108	0.954451	0.988127
MORN5	0.974927	0.847148	0.447401
SCUBE3	0.996043	0.98046	0.706983
SCUBE1	0.427212	0.357425	0.968222
RPSAP52	0.966163	0.983206	0.999052
RPSAP56	0.972735	0.977131	0.995755
PTHLH	0.973162	0.997734	0.950634
TPPP3	0.987926	0.976156	0.964689
GFRA3	0.9519	0.955282	0.985298
EPHA6	0.636584	0.528883	0.958292
COL9A1	0.071626	0.140826	0.595986
GLB1L3	0.862394	0.847148	0.970541
ARL9	0.97535	0.986592	0.802093
RRM2	0.992448	0.894815	0.307067
SRSF12	0.971762	0.994596	0.95739
IGKV3-11	0.960156	0.668484	0.715337
IGKV3-15	0.985986	0.953761	0.706983
Y_RNA	0.965966	0.956853	0.983584
SH2D4B	0.427212	0.986789	0.13583
LINC00525	0.998313	0.986643	0.952946
TICRR	0.984344	0.966586	0.956805
SLC4A1	0.170411	0.202588	0.973897
KNTC1	0.170411	0.29458	0.655639
IGSF9	0.862394	0.966304	0.277588
IGSF1	0.429571	0.994241	0.265879
FGR	0.673443	0.953023	0.706983
FGA	0.457556	0.958897	0.358499
FGB	0.968655	0.764435	0.967637
RPL39L	0.952967	0.972931	0.956797
NEIL3	0.597348	0.847148	0.84632
MESP1	0.990749	0.95592	0.802093
MESP2	0.979332	0.952304	0.802093
IGHV3-35	0.980997	0.982845	0.960972
IGHV3-33	0.986141	0.984736	0.982347
IGHV3-30	0.993905	0.954757	0.969328
IGHV3-38	0.597348	0.847148	0.84632
RAD54L	0.597348	0.536894	0.965349
ABCB6	0.970062	0.978431	0.999424
ABCB4	0.761772	0.626063	0.953491
ZYG11A	0.981037	0.992948	0.952822
ITGA11	0.761772	0.979472	0.145706
B3GNT6	0.862394	0.668484	0.974054
BEAN1	0.976822	0.976441	0.979586
C8B	0.071626	0.536894	0.037972
EPHA10	0.597348	0.357425	0.850187
DMRTA2	0.98414	0.982955	0.981776
MSR1	0.862394	0.536894	0.90601
TBX3	0.427212	0.536894	0.948603
SBSPON	0.975426	0.994195	0.98316
LRRC18	0.427212	0.957351	0.297331
LRRC15	0.994625	0.626063	0.528196
FAM111B	0.956455	0.847148	0.988127
IGKV1-13	0.977781	0.956741	0.977188
CHRNA5	0.862394	0.991267	0.663374
CHRNA9	0.979217	0.847148	0.988127
FAM83F	0.995054	0.950628	0.988127
SIRPD	0.972646	0.97585	0.97565
FOXM1	0.427212	0.847148	0.50388
DLX6-AS1	0.969755	0.98903	0.969298
IGHJ6	0.978487	0.997279	0.958793
IGHJ5	0.975624	0.993646	0.998047
IGHJ4	0.994334	0.963353	0.990213
IGHJ2	0.950043	0.969068	0.802093
IGHJ1	0.974737	0.981559	0.990321
CDCA2	0.979319	0.990409	0.958955
CDCA3	0.97464	0.961994	0.958221
CDCA7	0.862394	0.95893	0.978005
CDCA5	0.964917	0.988111	0.954039
CDCA8	0.996688	0.975286	0.967157
SPRED3	0.972611	0.988609	0.802093
RHBDL2	0.977134	0.95285	0.706983
RHBDL1	0.983316	0.973965	0.999892
TEX11	0.982147	0.974053	0.675122
SLCO1A2	0.311242	0.536894	0.637091
CYP24A1	0.862394	0.668484	0.99548
MAD2L1	0.972745	0.894815	0.960768
CASQ2	0.986804	0.985478	0.965286
BMPER	0.094314	0.988227	0.001923
RN7SL521P	0.966601	0.95763	0.969864
PROK2	0.964821	0.9597	0.990681
FBXO43	0.989466	0.972205	0.995679
SFRP5	0.960613	0.970499	0.706983
COL1A1	0.692632	0.96443	0.586277
COL6A6	0.017314	0.098526	0.160887
KLK12	0.953169	0.992083	0.981108
TMEM100	0.989926	0.847148	0.988127
DDX12P	0.976813	0.969531	0.998468
RNF222	0.988197	0.990834	0.957496
FGL1	0.862394	0.964864	0.980148
DSP	0.559461	0.96209	0.401493
THBD	0.862394	0.995741	0.663374
SNORD46	0.953439	0.990905	0.964614
IGLV2-23	0.673443	0.996489	0.447401
HECW1	0.407279	0.431572	0.99625
RGCC	0.953327	0.982597	0.802093
PPP1R14D	0.95219	0.976071	0.957151
PPP1R14B	0.957635	0.999568	0.974034
PCDH15	0.010037	0.028957	0.492077
COL17A1	0.964079	0.735915	0.395586
OCIAD2	0.970941	0.99235	0.802093
TEKT1	0.862394	0.847148	0.989384
TEKT5	0.862394	0.998098	0.277588
SEC14L3	0.981419	0.952135	0.988127
SEC14L6	0.969574	0.980809	0.982215
KRT6B	0.229414	0.243875	0.995564
KRT6A	0.597348	0.357425	0.850187
COMP	0.951513	0.97185	0.979921
IL19	0.862394	0.978223	0.277588
IL11	0.999612	0.975761	0.802093
MROH3P	0.956042	0.953283	0.976575
MROH9	0.353137	0.383945	0.9869
MS4A7	0.427212	0.668484	0.728463
KCNN4	0.862394	0.668484	0.978442
PKIB	0.862394	0.962161	0.277588
CCL14	0.955779	0.959989	0.980286
C1QTNF7	0.967133	0.973202	0.979551
PLEKHN1	0.981841	0.957087	0.987
KCNT2	0.281817	0.154419	0.794806
IGHV1-12	0.969064	0.993308	0.950319
IGHV1-17	0.968483	0.988625	0.96435
IGHV1-14	0.995204	0.976551	0.968512
IGHV1-18	0.862394	0.954969	0.975727
HPSE2	0.959515	0.964555	0.736527
ALOXE3	0.597348	0.954348	0.573161
MUC16	6e-05	0.000362	0.380071
MUC13	0.427212	0.958736	0.297331
LRRN3	0.229414	0.357425	0.736527
IGHV3OR16-10	0.976504	0.96925	0.976596
WNT7A	0.967751	0.202588	0.029944
OSCAR	0.976628	0.95965	0.984776
CSRNP1	0.956785	0.983725	0.99122
BUB1	0.427212	0.536894	0.948603
FOXE1	0.951612	0.996899	0.706983
C11orf86	0.997777	0.953982	0.994692
WWC2	0.862394	0.977083	0.998301
C2CD4A	0.998505	0.954064	0.960231
C2CD4D	0.961908	0.969759	0.955286
CCDC162P	0.957	0.983905	0.971068
GDNF-AS1	0.97302	0.980242	0.987569
ENTPD2	0.950811	0.986465	0.957769
ENTPD8	0.999256	0.969683	0.802093
EMP2	0.988913	0.963107	0.802093
CCDC26	0.979498	0.976557	0.990486
FIBIN	0.673443	0.894815	0.962839
CDKN3	0.987574	0.959018	0.982184
HEPHL1	0.272035	0.626063	0.401493
TRIM54	0.965494	0.978466	0.951964
CFD	0.969354	0.964492	0.979844
HSD17B1	0.97513	0.996261	0.706983
HSD17B6	0.978771	0.973512	0.956963
ALDH3B2	0.862394	0.847148	0.982528
IL1RL1	0.311242	0.29458	0.955261
IL1RL2	0.961347	0.847148	0.988127
AC126323.1	0.987193	0.969528	0.960935
PEBP4	0.985749	0.969703	0.985945
HNF1A-AS1	0.992673	0.997823	0.955534
CBX2	0.997962	0.980144	0.988127
PFKP	0.673443	0.993673	0.447401
POU6F2	0.272035	0.956512	0.125502
SNTN	0.975681	0.958529	0.979184
RASAL1	0.427212	0.847148	0.50388
EGF	0.984728	0.977724	0.987364
WASIR2	0.983244	0.994119	0.993321
IGKV2D-29	0.761772	0.894815	0.058687
IGKV2D-28	0.862394	0.98133	0.663374
CDH15	0.427212	0.536894	0.948603
CREG2	0.988575	0.962466	0.802093
CDH19	0.053881	0.243875	0.165557
HTR1D	0.862394	0.956593	0.958786
CD52	0.965098	0.974079	0.997895
CD5L	0.170411	0.168734	0.975324
SPATA4	0.951076	0.847148	0.447401
MIR559	0.986667	0.955404	0.976907
CALB1	0.427212	0.979049	0.297331
SPINK2	0.979208	0.965459	0.986279
SERINC2	0.96529	0.847148	0.447401
SALL4	0.457556	0.863988	0.500632
FAM177B	0.96493	0.952124	0.966915
IGHV1OR15-2	0.985309	0.98237	0.967657
IGHV1OR15-9	0.597348	0.357425	0.850187
HOXD4	0.995744	0.964866	0.706983
NPBWR1	0.673443	0.958463	0.293186
SLC6A13	0.597348	0.436273	0.982863
SLC6A11	0.992139	0.863988	0.260105
SLC6A17	0.427212	0.668484	0.728463
TAC4	0.960801	0.968189	0.964396
ADAM8	0.862394	0.847148	0.991533
IL20RB	0.862394	0.996662	0.955326
SULF1	0.968216	0.863988	0.850187
TROAP	0.975634	0.956627	0.50388
WFDC3	0.862394	0.995081	0.277588
INHA	0.985205	0.960427	0.993891
UGT8	0.597348	0.668484	0.973949
KREMEN2	0.978198	0.985549	0.954577
IGHG4	0.597348	0.972084	0.103043
IGHG1	0.862394	0.964202	0.663374
IGHG2	0.959555	0.847148	0.447401
IGHG3	0.978863	0.847148	0.988127
BPIFB2	0.862394	0.357425	0.528045
CAMK2B	0.963408	0.626063	0.528196
IGHGP	0.953504	0.986064	0.99892
C9orf50	0.862394	0.987361	0.277588
ANKRD22	0.673443	0.480131	0.988616
MKRN3	0.170411	0.117721	0.972876
LHFPL4	0.862394	0.978319	0.663374
LHFPL3	0.975634	0.480131	0.039621
TLL2	0.03055	0.357425	0.019611
PBK	0.972782	0.975824	0.802093
RIMS2	0.262984	0.278413	0.986442
ITM2A	0.427212	0.847148	0.50388
KLF4	0.597348	0.536894	0.955907
JAKMIP3	0.862394	0.668484	0.982713
ZBTB8B	0.995121	0.95056	0.961745
F12	0.969724	0.847148	0.988127
RCOR2	0.969796	0.994344	0.802093
UGT2B15	0.761772	0.965764	0.637091
LCN2	0.973914	0.955004	0.971201
DNAJC12	0.955065	0.972934	0.706983
NRK	0.457556	0.383945	0.967582
EME1	0.998671	0.957818	0.99424
DUOX1	0.862394	0.98208	0.976483
CDHR5	0.970759	0.993415	0.980923
C5orf34	0.969535	0.990041	0.96798
PCP4	0.988167	0.960858	0.989667
IGHV2-70	0.996837	0.96823	0.961345
ADAMDEC1	0.862394	0.847148	0.999075
NOX5	0.427212	0.536894	0.948603
ZBED2	0.427212	0.986052	0.297331
PF4	0.989874	0.984079	0.802093
GCOM1	0.954983	0.991174	0.991506
CRTAC1	0.427212	0.955283	0.297331
PKHD1L1	0.00866	0.27287	0.010071
PSMD10P2	0.956505	0.963943	0.970959
CXCR2	0.229414	0.998171	0.068685
CXCR1	0.862394	0.960119	0.955506
LINC00551	0.968133	0.987285	0.951906
IGKV1D-27	0.956904	0.990489	0.991189
AC105339.2	0.999415	0.999508	0.958821
HHLA2	0.980117	0.993149	0.706983
PRSS3	0.975868	0.984403	0.959961
PRSS2	0.979875	0.987653	0.993005
HEG1	0.427212	0.436273	0.978379
SNORD17	0.962602	0.996502	0.960088
AQP6	0.862394	0.985303	0.277588
AQP4	0.862394	0.990863	0.663374
GSC	0.954866	0.998689	0.973936
SNHG4	0.952543	0.985831	0.98153
GUCY1B2	0.970388	0.974203	0.985255
BTNL9	0.862394	0.957415	0.958936
IGHV3-48	0.974336	0.97173	0.967697
IGHV3-49	0.862394	0.96044	0.663374
IGHV3-47	0.984836	0.977141	0.961762
IGHV3-43	0.673443	0.961234	0.706983
IGHV3-41	0.95042	0.985501	0.977838
FHL2	0.988806	0.999647	0.802093
FHL1	0.968395	0.958123	0.981468
FHL5	0.591419	0.626063	0.953331
DNA2	0.597348	0.847148	0.84632
SNORD15B	0.954749	0.983193	0.982979
MAMDC2	0.988362	0.99318	0.957747
TNR	0.002333	0.085091	0.023583
GPR19	0.673443	0.894815	0.985574
EFCAB1	0.862394	0.988072	0.972727
RAD51AP1	0.427212	0.954695	0.297331
DKK2	0.975634	0.863988	0.997674
DKK1	0.862394	0.952016	0.957633
CDT1	0.972078	0.953719	0.987446
CST2	0.862394	0.97073	0.975734
XRCC2	0.862394	0.952995	0.277588
STARD8	0.761772	0.961122	0.832401
GPT	0.957179	0.979287	0.802093
LCT	0.137426	0.575527	0.160887
POLE2	0.97469	0.97253	0.982415
SYN2	0.975537	0.955236	0.986246
LINC00184	0.988065	0.994405	0.953537
NLRC4	0.311242	0.436273	0.832401
OPRK1	0.597348	0.536894	0.98764
DNAH14	0.974483	0.668484	0.715337
EDN1	0.969424	0.977487	0.970014
SLC14A2	0.41138	0.605242	0.806211
SLC14A1	0.973218	0.847148	0.988127
SLC13A5	0.597348	0.847148	0.84632
RGS17	0.973951	0.952177	0.967659
IGFL2	0.597348	0.986173	0.103043
IGFL4	0.975384	0.968531	0.706983
DNAH17-AS1	0.950741	0.958995	0.995226
PLAU	0.966121	0.998043	0.971658
C1orf194	0.974831	0.973195	0.966184
DUOXA1	0.979522	0.894815	0.969426
GRIN1	0.998012	0.979717	0.989263
GTSE1	0.862394	0.998944	0.956494
MYO3B	0.457556	0.959625	0.358499
PHLDA2	0.99492	0.996377	0.802093
H19	0.952434	0.964393	0.994191
SMAD6	0.98008	0.950784	0.99344
F11	0.170411	0.668484	0.140717
MTND1P23	0.961541	0.955992	0.95162
SMKR1	0.968937	0.970717	0.958711
RFX8	0.995646	0.964953	0.98144
IGFBP3	0.862394	0.982506	0.988756
IGFBP1	0.862394	0.995982	0.663374
CLIC5	0.975563	0.950785	0.965399
NIM1K	0.998338	0.963173	0.573161
MSLNL	0.960225	0.668484	0.293186
EREG	0.99638	0.847148	0.447401
C14orf132	0.982976	0.974765	0.992319
CALCRL	0.071626	0.847148	0.007732
SRRM3	0.971825	0.847148	0.447401
IGLV1-51	0.962169	0.959157	0.802093
IGLV1-50	0.950912	0.955494	0.996723
ABCG2	0.427212	0.357425	0.956868
AKR1B10	0.597348	0.668484	0.958014
AKR1B15	0.311242	0.436273	0.832401
C15orf48	0.975596	0.966879	0.988238
KCNK9	0.591419	0.863988	0.736527
KCNK3	0.950608	0.999078	0.9606
VWDE	0.989833	0.985697	0.970888
MIR3189	0.983265	0.968175	0.956759
CCL23	0.862394	0.965299	0.663374
CCL24	0.673443	0.480131	0.979273
ALPK2	0.094314	0.452126	0.137825
GLYATL2	0.597348	0.847148	0.84632
LDLR	0.311242	0.985657	0.058687
FNDC1	0.160663	0.383945	0.426736
CCDC150	0.597348	0.436273	0.995397
CCDC154	0.975253	0.973053	0.992565
ATP6V0A4	0.761772	0.894815	0.058687
LINC00342	0.963606	0.956015	0.961396
PODXL2	0.972631	0.536894	0.196081
GAL3ST2	0.862394	0.847148	0.986658
IL17REL	0.978298	0.956497	0.980555
FOXH1	0.862394	0.978248	0.951477
TMEM105	0.673443	0.894815	0.951477
KRT4	0.597348	0.536894	0.967307
CDHR2	0.353137	0.276576	0.993288
TFAP2A	0.982294	0.847148	0.988127
CYYR1	0.597348	0.357425	0.850187
CRABP2	0.989844	0.847148	0.988127
AC142381.1	0.995998	0.950477	0.98895
FENDRR	0.978202	0.974407	0.983472
ODAM	0.967466	0.668484	0.293186
EDNRB	0.427212	0.202588	0.653257
CABP7	0.969276	0.960256	0.980773
FBXO32	0.986907	0.968065	0.802093
ALAS2	0.862394	0.668484	0.966423
APBA2	0.994073	0.987639	0.399579
PTPRZ1	0.024183	0.073268	0.416962
EPYC	0.597348	0.668484	0.961761
RNFT2	0.974403	0.971736	0.802093
AURKA	0.950077	0.968607	0.956988
AURKB	0.99727	0.967664	0.989802
WFIKKN2	0.862394	0.243875	0.293774
CAV2	0.960293	0.98857	0.802093
CAV1	0.950141	0.978392	0.975317
LRRC36	0.960714	0.668484	0.715337
GPR78	0.961414	0.847148	0.988127
DGCR5	0.962218	0.990332	0.964846
DES	0.862394	0.959484	0.663374
FAM222A-AS1	0.997128	0.977728	0.979636
FEZF1	0.862394	0.972287	0.663374
AC092198.1	0.979747	0.97039	0.968704
LILRP2	0.9994	0.968379	0.967059
CPP	0.971014	0.959545	0.988324
HHIP	0.862394	0.9856	0.959807
IGLV7-43	0.981201	0.978422	0.987584
GABRQ	0.311242	0.117721	0.512854
GABRP	0.992325	0.847148	0.447401
KRT17	0.311242	0.847148	0.278441
KRT16	0.986522	0.985696	0.987523
KRT15	0.862394	0.974429	0.277588
KRT14	0.990485	0.982245	0.715337
PLA2G4A	0.170411	0.436273	0.358499
PLA2G4F	0.597348	0.971395	0.573161
CMTM2	0.988424	0.973015	0.987876
CMTM5	0.995118	0.96217	0.969744
COL11A1	0.002333	0.017749	0.231619
GNG4	0.985442	0.97849	0.962008
UGT3A2	0.849903	0.983023	0.655639
RASGEF1C	0.994177	0.668484	0.293186
ONECUT2	0.950818	0.995596	0.997523
ONECUT1	0.953857	0.998233	0.966205
MUC5AC	0.761772	0.983263	0.832401
IGHV1-67	0.954975	0.982579	0.98405
IGHV1-69	0.862394	0.536894	0.90601
CIDEC	0.992584	0.998308	0.953738
TSPAN18	0.977638	0.983909	0.978841
TPTE2	0.311242	0.668484	0.447305
IGHV4-39	0.862394	0.992547	0.277588
FCN3	0.992888	0.97041	0.983282
HSPB6	0.971816	0.995192	0.959728
HSPB3	0.862394	0.965655	0.277588
HCAR1	0.988345	0.972746	0.964834
SCGB1A1	0.862394	0.987621	0.277588
TCF21	0.953667	0.480131	0.277588
WIF1	0.862394	0.958505	0.663374
IGHJ3P	0.957055	0.992717	0.995253
IGKC	0.98696	0.994673	0.706983
RPS2P15	0.999784	0.966851	0.989924
BPIFA2	0.965544	0.963705	0.963956
BPIFA1	0.597348	0.668484	0.974787
TMEM156	0.986138	0.961214	0.992462
ARL14	0.978744	0.986161	0.706983
KIF4A	0.975634	0.626063	0.806211
WDR72	0.127247	0.202588	0.732974
TRIM67	0.427212	0.668484	0.728463
LINC00896	0.951431	0.990301	0.997669
MCF2	0.956331	0.859597	0.522043
CDO1	0.975299	0.972282	0.802093
ZWINT	0.591419	0.950949	0.399579
EGOT	0.956359	0.976073	0.956883
PRKG2	0.963033	0.863988	0.850187
CALML6	0.971317	0.967978	0.957208
LRRC37A9P	0.978368	0.968608	0.975738
AGRP	0.963552	0.957056	0.954354
RUFY4	0.957619	0.847148	0.988127
AGR2	0.953862	0.96683	0.992302
DNAJC22	0.970118	0.992398	0.986128
NTSR1	0.993675	0.436273	0.365707
KANK3	0.964845	0.974168	0.802093
USHBP1	0.597348	0.668484	0.966739
RPS18P13	0.957621	0.985434	0.950922
IGHV2-26	0.998715	0.847148	0.988127
ESCO2	0.969172	0.847148	0.988127
SCARNA21	0.954655	0.995844	0.973759
CDC25A	0.971907	0.96871	0.954079
PRAME	0.990361	0.243875	0.130998
SLC27A6	0.457556	0.532183	0.973897
AK4	0.967667	0.989139	0.802093
SLC24A2	0.127247	0.436273	0.216881
ITLN2	0.996667	0.999497	0.993761
ITLN1	0.427212	0.847148	0.50388
SLC7A11-AS1	0.998664	0.989638	0.988955
ANKRD36C	0.862394	0.96095	0.663374
LIMS2	0.962627	0.95693	0.978006
SUN3	0.427212	0.668484	0.728463
ACKR4	0.956823	0.961509	0.973662
GPER1	0.979699	0.962492	0.953679
PRRX2	0.99801	0.950006	0.706983
MIR31HG	0.966128	0.970348	0.999443
ABCA12	0.137426	0.434306	0.285749
RHBG	0.960753	0.97675	0.706983
COCH	0.975634	0.894815	0.13583
POU3F2	0.597348	0.951571	0.573161
TSACC	0.987505	0.96446	0.993431
SLC7A5	0.985097	0.982468	0.950379
PLOD2	0.597348	0.668484	0.96685
JPH3	0.229414	0.847148	0.145567
JPH4	0.427212	0.981455	0.297331
SLITRK2	0.222654	0.760275	0.193232
MYBPH	0.597348	0.536894	0.998565
GREB1L	0.963728	0.976613	0.956031
DCSTAMP	0.170411	0.117721	0.972876
FUT3	0.862394	0.997709	0.96924
FUT2	0.995827	0.954669	0.954478
GHR	0.127247	0.243875	0.586277
VTCN1	0.965796	0.959351	0.984395
APCDD1L	0.862394	0.984071	0.974097
PAFAH1B3	0.964629	0.994175	0.972628
STARD13	0.427212	0.168734	0.522043
MT1M	0.862394	0.95548	0.277588
MGAT3	0.591419	0.863988	0.736527
MMP7	0.597348	0.986251	0.573161
MMP3	0.427212	0.956118	0.297331
HHIPL2	0.692632	0.500546	0.926666
KIF26B	0.170411	0.243875	0.815742
ANKS4B	0.862394	0.991237	0.993942
IGKV3-7	0.986332	0.536894	0.512762
MIR3677	0.983001	0.953617	0.970381
FSTL4	0.761772	0.959546	0.145706
NUF2	0.229414	0.357425	0.736527
ANXA8L1	0.985379	0.99318	0.802093
C12orf42	0.862394	0.536894	0.90601
FGF11	0.951035	0.998018	0.976333
FGF10	0.427212	0.536894	0.948603
KCNJ10	0.597348	0.994523	0.573161
SLC6A4	0.862394	0.668484	0.959617
COL22A1	0.005499	0.001949	0.691167
WFDC10B	0.961186	0.974079	0.955889
RADIL	0.427212	0.847148	0.50388
SLCO5A1	0.457556	0.276576	0.834896
STRCP1	0.953006	0.954316	0.977489
SCARNA7	0.999152	0.973702	0.961506
GCM1	0.311242	0.963228	0.015537
SCARNA5	0.965975	0.999405	0.980221
VWC2	0.763154	0.981068	0.696917
IGLV3-27	0.955832	0.847148	0.447401
ITPKA	0.969864	0.996017	0.802093
UPK1B	0.955657	0.975252	0.968922
COL5A2	0.018317	0.052284	0.458684
COL5A1	0.072091	0.198949	0.400932
LAMP3	0.999843	0.959296	0.986499
DUSP5P1	0.958894	0.994508	0.956444
JSRP1	0.969214	0.480131	0.802093
TGM5	0.95144	0.847148	0.447401
ADM2	0.987562	0.978853	0.970397
NCAPH	0.968847	0.970533	0.696917
NCAPG	0.965048	0.436273	0.132864
TRPM8	0.311242	0.117721	0.512854
TRPM5	0.311242	0.29458	0.96737
BCAS1	0.862394	0.357425	0.528045
PABPC1L	0.995894	0.954328	0.958058
GALNT14	0.990264	0.985749	0.528196
CACNA2D2	0.964098	0.958011	0.966374
PTCRA	0.427212	0.847148	0.50388
TAS1R3	0.427212	0.987115	0.13583
GPC2	0.862394	0.847148	0.958982
RTN4RL2	0.990681	0.668484	0.293186
REEP6	0.673443	0.480131	0.959413
CECR7	0.964018	0.959814	0.802093
ANKRD7	0.975634	0.955063	0.50388
ANKRD1	0.597348	0.956627	0.573161
IGHV3-19	0.961066	0.969122	0.994557
IGHV3-15	0.975014	0.992142	0.967558
IGHV3-11	0.969724	0.980088	0.706983
IGHV3-13	0.862394	0.955062	0.989387
KCNH8	0.429571	0.598839	0.768005
SLC28A1	0.96106	0.969192	0.715337
MYCN	0.99767	0.984467	0.988127
PARPBP	0.597348	0.981514	0.103043
TK1	0.976439	0.958729	0.997864
KRT18P8	0.988801	0.957506	0.987631
CELSR3	0.849903	0.659981	0.972876
LRRC32	0.170411	0.140826	0.986296
SLC26A4-AS1	0.992547	0.956454	0.9574
CCDC169	0.971423	0.991433	0.984149
SNORA53	0.968679	0.997317	0.950428
LINC00337	0.99484	0.982939	0.98401
C4BPB	0.95891	0.966383	0.956862
PTPN5	0.229414	0.436273	0.562819
FOXO6	0.979081	0.987033	0.997927
CCNO	0.96244	0.989168	0.706983
NCKAP5	0.018317	0.018673	0.97236
KDELR3	0.956211	0.981344	0.998134
IGHV4-55	0.996484	0.982638	0.979835
PIF1	0.427212	0.954234	0.13583
TNXB	0.591419	0.383945	0.875549
LHB	0.978562	0.992483	0.706983
IGKV1-27	0.862394	0.668484	0.958879
ADRA1A	0.597348	0.963602	0.103043
NELL1	0.00734	0.028759	0.340727
SNORD3A	0.987724	0.992041	0.955246
KIF18B	0.987915	0.957754	0.981828
TGM1	0.597348	0.536894	0.964295
ALG1L5P	0.996743	0.963683	0.980323
PPP1R14BP2	0.969511	0.983236	0.976124
PPP1R14BP3	0.960454	0.988911	0.997004
ERCC6L	0.862394	0.668484	0.988772
GRIK2	0.107142	0.754533	0.047388
GRIK4	0.4486	0.975246	0.3612
GREM1	0.962159	0.999005	0.96125
PADI1	0.975634	0.97934	0.728463
PADI4	0.591419	0.950794	0.145567
ZPLD1	0.457556	0.863988	0.500632
ATP6V1C2	0.980811	0.972142	0.962293
CLEC1A	0.862394	0.536894	0.90601
ADAM28	0.597348	0.357425	0.850187
SLC19A3	0.958478	0.847148	0.988127
COL6A4P2	0.951282	0.999165	0.984087
COL6A4P1	0.992414	0.976786	0.956371
SBK1	0.597348	0.847148	0.84632
CDC20	0.427212	0.847148	0.50388
LINC00589	0.960869	0.998019	0.962264
ANGPTL7	0.968811	0.95143	0.958717
ANGPTL5	0.311242	0.956933	0.145706
ANGPTL3	0.986147	0.98982	0.995167
ANGPTL1	0.673443	0.894815	0.983541
MMP10	0.99456	0.988686	0.696917
MMP11	0.597348	0.978873	0.573161
MMP12	0.957104	0.961706	0.987992
MMP13	0.170411	0.436273	0.358499
MMP19	0.970438	0.952582	0.951601
KCNK12	0.975862	0.992733	0.802093
KCNK10	0.761772	0.863988	0.981319
TCN1	0.862394	0.436273	0.696917
ALG1L	0.862394	0.987126	0.277588
IL37	0.597348	0.99301	0.573161
IL33	0.959193	0.847148	0.988127
NKPD1	0.597348	0.989135	0.103043
CAMK2N2	0.957977	0.951967	0.987079
PLA2G1B	0.956872	0.986109	0.997973
IGHV4-34	0.987677	0.954997	0.983084
DNAH9	0.000212	0.001791	0.253018
GPR17	0.229414	0.975792	0.025004
CKAP2L	0.597348	0.436273	0.98206
IGKV2-26	0.984715	0.98651	0.999843
IGKV2-28	0.95692	0.986161	0.802093
IGKV2-29	0.992363	0.990198	0.987377
IGKJ5	0.96504	0.969004	0.993129
SNORA12	0.958414	0.950471	0.9691
MEIOB	0.9741	0.991441	0.706983
UCHL1	0.996545	0.894815	0.991505
LINC00624	0.982665	0.979683	0.966878
LINC00629	0.988949	0.960328	0.981775
STOML3	0.427212	0.668484	0.728463
SIGLEC11	0.463273	0.987639	0.512762
HMMR	0.986905	0.436273	0.132864
DCC	0.009782	0.168734	0.016963
IL17C	0.956188	0.984261	0.972448
CHRDL1	0.849903	0.955251	0.500632
AOC1	0.170411	0.668484	0.140717
IGHE	0.951739	0.953393	0.973895
LPO	0.597348	0.847148	0.84632
LPL	0.958153	0.965403	0.973941
JAM2	0.862394	0.847148	0.953715
KIF14	0.591419	0.955066	0.562819
KIF15	0.862394	0.668484	0.963799
KIF17	0.311242	0.243875	0.987454
KIF11	0.597348	0.969362	0.573161
LINC00862	0.988927	0.953377	0.987664
ASCL1	0.961591	0.982585	0.954822
LINC00866	0.962814	0.985408	0.995904
IGF2BP3	0.962607	0.975637	0.90601
CD101	0.967279	0.536894	0.196081
NLRP11	0.095355	0.202588	0.526067
SGK2	0.996226	0.955419	0.84632
TRIM71	0.862394	0.668484	0.951496
GPD1	0.995199	0.958093	0.99868
NEFL	0.994778	0.968584	0.985604
NEFH	0.979024	0.421721	0.573161
SLC28A2	0.997434	0.977226	0.972811
NRG3	0.209219	0.276576	0.85724
PSAT1	0.673443	0.957933	0.706983
OTX1	0.862394	0.951341	0.663374
IGHV6-1	0.597348	0.961434	0.573161
SHISA8	0.984095	0.984875	0.973161
HMGA2	0.673443	0.894815	0.984877
HMGA1	0.98122	0.965085	0.963834
GGT4P	0.965454	0.996933	0.966556
IQSEC3	0.951477	0.623553	0.358499
DCST2	0.957013	0.997997	0.988163
DCST1	0.972059	0.847148	0.988127
NPC1L1	0.353137	0.863988	0.322657
CD93	0.311242	0.436273	0.832401
RGS7	0.053881	0.069191	0.908891
STK32A	0.963265	0.994215	0.981123
IGKV2OR22-3	0.97748	0.964467	0.997423
IGKV2OR22-4	0.952075	0.989342	0.99437
MYO18B	0.049752	0.324949	0.109172
PITX2	0.597348	0.668484	0.977516
PITX1	0.993283	0.952798	0.970774
MMRN2	0.229414	0.970537	0.068685
MMRN1	0.055013	0.073268	0.86068
IGLON5	0.950616	0.960196	0.988127
CD36	0.597348	0.995935	0.307067
OR52K3P	0.994711	0.974194	0.952299
ACADL	0.862394	0.847148	0.964226
ADAMTS14	0.272035	0.532183	0.526067
ADAMTS16	0.094314	0.121005	0.883433
FCGR3B	0.311242	0.847148	0.278441
TDRD1	0.127247	0.436273	0.216881
RBP2	0.862394	0.952348	0.663374
RBP4	0.955102	0.999483	0.969707
RHOV	0.994784	0.987397	0.978528
RASGRF1	0.862394	0.668484	0.964678
HIGD1B	0.978411	0.999011	0.980379
IGHV4-61	0.862394	0.956947	0.95901
NPR1	0.127247	0.668484	0.073763
TMEM184A	0.991625	0.967483	0.958495
HOXB8	0.862394	0.956624	0.663374
HOXB9	0.862394	0.96602	0.277588
HOXB7	0.97096	0.991923	0.802093
SPDEF	0.952925	0.964163	0.802093
GYG2	0.962307	0.847148	0.988127
UBE2Q1-AS1	0.995681	0.960182	0.958419
TWIST1	0.965862	0.9815	0.706983
EN2	0.987665	0.969076	0.802093
CYP4B1	0.311242	0.986796	0.145706
COL25A1	0.072091	0.383945	0.12567
SMCO2	0.966388	0.99834	0.984161
IGHA2	0.597348	0.847148	0.84632
ST8SIA6	0.229414	0.202588	0.979094
ST8SIA2	0.597348	0.436273	0.975772
BTBD16	0.311242	0.976773	0.015537
MAST1	0.427212	0.357425	0.958651
IL23A	0.962901	0.960342	0.981785
TOP2A	0.962003	0.81767	0.975305
SGCG	0.862394	0.966629	0.663374
SGCA	0.953315	0.950347	0.988127
NPW	0.967332	0.991948	0.952444
EMCN	0.597348	0.959133	0.103043
LHX2	0.96781	0.983446	0.706983
VEGFD	0.971956	0.980894	0.999399
COL2A1	0.053881	0.29458	0.108632
EGLN3	0.427212	0.981505	0.13583
ADCYAP1R1	0.170411	0.436273	0.358499
IGLV5-37	0.950584	0.987235	0.995439
DPP10	0.559461	0.859597	0.66027
CENPK	0.977779	0.989148	0.964918
CENPI	0.971718	0.957085	0.987119
CENPF	0.017314	0.082538	0.217934
CENPE	0.095355	0.29458	0.291079
CENPA	0.976219	0.965279	0.953102
UCA1	0.998902	0.975217	0.956043
IGHV3OR16-13	0.976422	0.996196	0.992326
IGHV3OR16-11	0.979004	0.961724	0.972307
GREB1	0.692632	0.975246	0.732974
ARSH	0.427212	0.536894	0.948603
KRTAP5-1	0.862394	0.668484	0.993859
PRR5-ARHGAP8	0.956962	0.951923	0.996256
EZH2	0.427212	0.536894	0.948603
NR4A3	0.597348	0.536894	0.96571
AC020907.1	0.95199	0.992765	0.957701
LINC00943	0.991727	0.97934	0.991416
CDK5R2	0.984832	0.960284	0.96284
EPHB2	0.427212	0.536894	0.948603
MELK	0.956328	0.98162	0.802093
RASIP1	0.763154	0.81767	0.984813
SH3GL3	0.427212	0.847148	0.50388
SH3GL2	0.763154	0.626985	0.982738
SULT1C4	0.964352	0.957752	0.802093
GPA33	0.427212	0.436273	0.977877
INA	0.988763	0.894815	0.994732
SPAG5	0.597348	0.847148	0.84632
RN7SKP97	0.983025	0.971026	0.97154
TMEM132C	0.989895	0.954856	0.952824
TENM1	0.064458	0.025823	0.715141
GAD1	0.999855	0.894815	0.663374
ODF3L1	0.976424	0.966627	0.802093
STEAP1	0.957833	0.894815	0.970306
ARHGEF26	0.953679	0.894815	0.663374
SPTSSB	0.987644	0.974929	0.802093
IGLV4-60	0.985186	0.847148	0.447401
IGLV4-69	0.983706	0.959368	0.96221
IGKJ1	0.969602	0.983012	0.960475
IGKJ3	0.989995	0.987106	0.954372
IGKJ4	0.953915	0.975775	0.982207
RXRG	0.311242	0.436273	0.832401
IGHV3-20	0.961509	0.985057	0.715337
IGHV3-21	0.673443	0.986192	0.706983
IGHV3-22	0.975248	0.951054	0.998447
IGHV3-23	0.979629	0.980179	0.992397
IGLVI-70	0.979309	0.953894	0.988012
ABCA4	0.761772	0.961018	0.637091
ABCA3	0.955616	0.421721	0.573161
SCN8A	0.357493	0.970261	0.108632
NMUR1	0.997803	0.969204	0.84632
IGHV7-27	0.96749	0.951275	0.991863
DERL3	0.95152	0.999125	0.802093
DPEP2	0.988645	0.219796	0.307067
IGLC6	0.97658	0.989121	0.994184
IGLC7	0.951604	0.961289	0.952458
IGLC2	0.979586	0.978226	0.802093
IGLC3	0.960962	0.480131	0.277588
NDC80	0.982847	0.668484	0.715337
WDR86	0.862394	0.964485	0.663374
SFTPD	0.969396	0.967465	0.998078
DUXAP8	0.971553	0.956933	0.976219
DUXAP9	0.956412	0.975141	0.988815
FAM110D	0.993565	0.992666	0.990269
SPTB	0.766219	0.995718	0.806211
CORO2B	0.597348	0.668484	0.96387
CHRNB4	0.984372	0.974752	0.964224
HBEGF	0.959395	0.994549	0.989601
PODNL1	0.982187	0.983915	0.975159
ACY3	0.862394	0.998142	0.993841
BDNF	0.967965	0.973141	0.966004
ETV4	0.979491	0.959135	0.952298
IGHV3OR15-7	0.960696	0.96249	0.995742
TCEAL2	0.597348	0.973146	0.307067
LHFPL3-AS2	0.996354	0.993634	0.970267
SPN	0.955381	0.983322	0.969467
SP5	0.989748	0.986597	0.99316
OVCH2	0.862394	0.668484	0.975727
OVCH1	0.407279	0.760275	0.499455
GAP43	0.597348	0.668484	0.95696
CYP27B1	0.954386	0.974384	0.961155
THSD1	0.311242	0.436273	0.832401
SNORA73B	0.953932	0.97686	0.954881
ATP1A2	0.311242	0.098526	0.41136
KISS1R	0.959277	0.953129	0.951671
GPT2	0.990491	0.894815	0.975009
IGKV3D-20	0.862394	0.357425	0.528045
ALOX12P2	0.962937	0.971855	0.997604
RAC3	0.962238	0.988007	0.970258
CPLX2	0.975733	0.959642	0.990546
CLEC14A	0.170411	0.536894	0.236662
NPTX2	0.597348	0.436273	0.954887
LGALS4	0.597348	0.981361	0.307067
NMU	0.967772	0.965883	0.802093
PRDM12	0.985535	0.984863	0.951116
SPC25	0.957639	0.950219	0.951886
IGLV2-33	0.962397	0.847148	0.447401
FAM155B	0.427212	0.668484	0.728463
PTBP1P	0.968648	0.998409	0.961707
NOVA2	0.95487	0.977007	0.993546
VSX1	0.968061	0.847148	0.988127
DIO2	0.427212	0.29458	0.979216
ATOH7	0.99644	0.956831	0.952933
BHMT2	0.171256	0.421721	0.706983
FAM216B	0.998348	0.960076	0.977716
B3GNT4	0.673443	0.95373	0.706983
B3GNT3	0.998504	0.955585	0.957058
FAM189A2	0.862394	0.973667	0.277588
FAM189A1	0.956384	0.992342	0.976585
KRT79	0.311242	0.436273	0.832401
KRT78	0.978977	0.847148	0.988127
LBX2	0.96696	0.984697	0.706983
SIX2	0.998207	0.985583	0.959178
CRYGN	0.862394	0.981696	0.663374
NMNAT2	0.311242	0.960982	0.145706
NCCRP1	0.993564	0.996761	0.963052
FAM72D	0.97982	0.97349	0.995094
FAM72C	0.976156	0.978893	0.985153
FAM72B	0.982482	0.998509	0.954836
GPRIN1	0.162517	0.480483	0.512762
SLC44A5	0.040566	0.168734	0.21564
MSI1	0.980608	0.992886	0.959654
SHOX2	0.457556	0.991599	0.03149
HBB	0.427212	0.963491	0.297331
MUC20	0.956655	0.98524	0.970584
MUC21	0.862394	0.847148	0.966653
TPX2	0.597348	0.29458	0.675122
MFAP3L	0.427212	0.956737	0.297331
SPINK13	0.991358	0.966256	0.973359
ZNF887P	0.963482	0.971854	0.986221
ABI3BP	0.209219	0.626063	0.263057
LEMD1	0.954689	0.952857	0.802093
LGR4	0.311242	0.847148	0.278441
S100A3	0.951406	0.97855	0.966032
S100A2	0.960324	0.967323	0.95674
LRRIQ4	0.862394	0.970549	0.999794
ZNF695	0.427212	0.357425	0.977333
PGAM1P7	0.990812	0.968974	0.967701
IGKV1OR2-3	0.998764	0.968514	0.95714
IGKV1OR2-6	0.997994	0.99801	0.984149
DLL3	0.991545	0.985224	0.988127
LGI2	0.311242	0.29458	0.950451
LGI3	0.862394	0.847148	0.99652
LINC00160	0.978089	0.989104	0.97254
KIF2C	0.862394	0.536894	0.90601
KIF23	0.956034	0.894815	0.663374
TFR2	0.862394	0.847148	0.955247
WNT3A	0.862394	0.668484	0.963961
IGKV2D-40	0.972735	0.959553	0.992099
TMEM88	0.962287	0.957615	0.979834
PLK1	0.952066	0.986533	0.988127
PLK4	0.862394	0.436273	0.696917
POLQ	0.03055	0.05803	0.654243
IGLV6-57	0.984053	0.955112	0.975046
SMC1B	0.995063	0.536894	0.512762
IVL	0.427212	0.436273	0.96304
PHYHIPL	0.862394	0.847148	0.968186
PRSS35	0.957542	0.973873	0.365707
ACVRL1	0.311242	0.436273	0.832401
HEPACAM2	0.761772	0.961469	0.637091
CCNE1	0.977989	0.668484	0.715337
IGHV3OR16-9	0.991025	0.954275	0.802093
VIL1	0.427212	0.536894	0.948603
CPB2	0.862394	0.847148	0.997558
CCM2L	0.973775	0.991198	0.96393
SYNGR3	0.991304	0.981234	0.988554
SYNGR4	0.971314	0.847148	0.447401
ARNTL2	0.862394	0.357425	0.528045
SHCBP1	0.982646	0.668484	0.293186
PSCA	0.970221	0.950707	0.999303
PAEP	0.990271	0.954567	0.988133
KCNE4	0.968712	0.99259	0.953507
PRAM1	0.862394	0.847148	0.980747
SYNDIG1L	0.996555	0.536894	0.512762
IL36RN	0.862394	0.965229	0.976368
UMODL1	0.427212	0.29458	0.979216
PCMTD1P3	0.950308	0.971867	0.986694
BCHE	0.765101	0.760124	0.976286
IGHV2-5	0.99246	0.973413	0.706983
VSIG4	0.862394	0.954893	0.986411
CIT	0.457556	0.9693	0.358499
KCNIP1	0.862394	0.995369	0.663374
MOGAT2	0.99374	0.961223	0.573161
FTCD	0.463273	0.81767	0.715337
IGHV4-59	0.986724	0.995869	0.951199
SPP1	0.862394	0.847148	0.967926
RAB26	0.673443	0.894815	0.952072
GLRA3	0.427212	0.668484	0.728463
NQO1	0.995822	0.998377	0.987339
ZIC2	0.965314	0.968699	0.956658
IGKV1OR22-1	0.969337	0.970927	0.970754
IGKV1OR22-5	0.959587	0.988984	0.976914
LCN12	0.957848	0.985469	0.955395
TNS1	0.127247	0.536894	0.133614
TNS4	0.983741	0.668484	0.715337
FOXB1	0.862394	0.96878	0.277588
OLR1	0.427212	0.847148	0.50388
THPO	0.955314	0.992158	0.986936
IGF2BP1	0.98244	0.987639	0.637091
MROH2A	0.974704	0.997704	0.997663
IGKV1-33	0.983773	0.847148	0.988127
TMEM74	0.862394	0.668484	0.968177
IGKV6D-21	0.427212	0.960347	0.039621
C9orf24	0.673443	0.960723	0.706983
VIPR1	0.994847	0.958705	0.706983
TDRD5	0.170411	0.29458	0.655639
KIF20A	0.984557	0.953693	0.991346
MKI67	0.9103	0.964176	0.799233
LEMD1-AS1	0.993957	0.982917	0.994589
BUB1B	0.229414	0.973216	0.068685
GUCY2C	0.597348	0.536894	0.989997
WTAPP1	0.953288	0.997094	0.995002
CNFN	0.981123	0.986091	0.978612
ADAMTSL3	0.107142	0.1782	0.694752
HAS1	0.964534	0.847148	0.988127
CYP4F11	0.862394	0.536894	0.90601
ROBO4	0.170411	0.243875	0.815742
FGFR4	0.427212	0.536894	0.948603
CXCL2	0.964644	0.986198	0.962313
GCKR	0.862394	0.847148	0.993436
UBE2C	0.965094	0.983261	0.802093
UBE2T	0.960219	0.995648	0.802093
RPLP0P2	0.97928	0.992556	0.960136
BIRC5	0.960942	0.971008	0.706983
AC092535.3	0.956776	0.961158	0.987109
STRA6	0.955075	0.668484	0.715337
SUSD2	0.961522	0.894815	0.307067
SLC5A12	0.071626	0.436273	0.069886
ANKRD34B	0.993724	0.970141	0.979642
UNC45B	0.457556	0.532183	0.973897
ESPN	0.862394	0.985212	0.992984
IGKV1D-39	0.989531	0.959937	0.958503
IGKV1D-33	0.597348	0.971066	0.103043
ARHGEF15	0.862394	0.536894	0.90601
SLC39A8	0.862394	0.989619	0.277588
SLC39A5	0.998993	0.990716	0.706983
RET	0.591419	0.735915	0.910723
TMEM63C	0.978319	0.847148	0.988127
CA9	0.597348	0.668484	0.966882
CA3	0.992708	0.955068	0.696917
OGN	0.996178	0.847148	0.447401
IGHV3-79	0.995768	0.963392	0.977959
IGHV3-73	0.985394	0.97354	0.959592
IGHV3-71	0.96195	0.957561	0.996798
IGHV3-75	0.973298	0.975796	0.998772
IGHV3-74	0.978722	0.9997	0.993415
SEMA5A	0.982707	0.312995	0.211288
TMEM132A	0.975634	0.959461	0.50388
PECAM1	0.997636	0.950207	0.994629
GIMAP8	0.761772	0.952887	0.447305
GIMAP6	0.229414	0.436273	0.562819
GIMAP1	0.977855	0.963713	0.983294
IGKV1OR2-108	0.993655	0.952907	0.986918
TAL1	0.862394	0.668484	0.983302
CCDC85A	0.229414	0.668484	0.257458
MYCT1	0.976596	0.668484	0.715337
PNCK	0.983614	0.894815	0.988603
PLXNB3	0.272035	0.996779	0.125502
FSD1	0.311242	0.536894	0.637091
ARHGAP11A	0.761772	0.969333	0.447305
MFAP4	0.862394	0.957982	0.663374
GYPE	0.961947	0.980389	0.982595
TNFSF11	0.862394	0.973216	0.663374
DIRAS1	0.993725	0.9949	0.990009
ASPA	0.862394	0.992081	0.663374
WNK2	0.170411	0.668484	0.140717
FABP7	0.953651	0.999763	0.706983
FABP4	0.673443	0.894815	0.992711
AKR1C1	0.990748	0.997622	0.99809
IGLV3-10	0.968114	0.968789	0.706983
IGLV3-12	0.985013	0.960742	0.954273
IGLV3-16	0.862394	0.969152	0.277588
IGLV3-19	0.977708	0.959993	0.979133
GRIA1	0.597348	0.29458	0.675122
IGKV1OR2-11	0.98819	0.962202	0.970145
TLX2	0.988223	0.95574	0.989216
ADH1B	0.95319	0.668484	0.715337
SLC30A2	0.959339	0.967395	0.802093
RSPO2	0.974235	0.962289	0.985064
RSPO1	0.427212	0.668484	0.728463
IGKV3D-11	0.975634	0.951337	0.728463
IGKV3D-15	0.971437	0.536894	0.512762
CDC37P2	0.984541	0.975797	0.996166
TUBB1	0.597348	0.988519	0.307067
OLFM4	0.272035	0.383945	0.799233
EFNA4	0.956238	0.958784	0.986729
EFNA3	0.993247	0.95755	0.985136
EFNA2	0.974041	0.990765	0.998328
HELLPAR	0.981055	0.973599	0.989904
TFPI2	0.976414	0.983339	0.951807
RNF103-CHMP3	0.984476	0.95593	0.973618
CHGB	0.427212	0.243875	0.806211
RN7SKP173	0.986484	0.973883	0.961232
FOLR3	0.862394	0.962253	0.95521
PALMD	0.974393	0.982661	0.973659
CBLC	0.96744	0.960644	0.972694
PTTG1	0.990103	0.989112	0.994948
CDC45	0.978236	0.969252	0.981706
GFAP	0.427212	0.668484	0.728463
STEAP1B	0.978103	0.958022	0.968842
CD300C	0.862394	0.992629	0.960522
EPHX3	0.981302	0.9917	0.706983
EPHX4	0.597348	0.985239	0.573161
ARHGAP31	0.427212	0.436273	0.953612
LYVE1	0.985104	0.981507	0.968927
CACNA1I	0.072091	0.863988	0.010224
CACNA1B	0.017314	0.069191	0.285749
CACNA1E	0.035986	0.354853	0.065147
BMP8A	0.997964	0.99903	0.966212
SLC15A1	0.311242	0.668484	0.447305
IGLV1-40	0.95769	0.966177	0.986437
IGLV1-41	0.99723	0.994726	0.959769
IGLV1-44	0.862394	0.984553	0.663374
IGLV1-47	0.963147	0.970672	0.954009
CASP1P2	0.968246	0.989292	0.962004
PAX9	0.956948	0.968444	0.706983
DSG3	0.283372	0.241392	0.958792
IMPDH1P8	0.962788	0.999789	0.977207
C2orf91	0.952505	0.991178	0.98833
HBA1	0.968088	0.96772	0.970516
MUC5B	0.00734	0.005825	0.999386
HBA2	0.979742	0.969981	0.955025
FFAR4	0.976668	0.847148	0.988127
NUP210L	0.958881	0.99482	0.953299
OVOL1	0.862394	0.99088	0.663374
CCDC141	0.96545	0.452126	0.312203
RAET1K	0.983272	0.986093	0.982605
TUBB4A	0.761772	0.735915	0.993434
CCBE1	0.975556	0.969203	0.974386
ST8SIA6-AS1	0.993952	0.988442	0.969321
GJB3	0.97463	0.956281	0.802093
GJB2	0.982803	0.950574	0.962126
GJB5	0.597348	0.980319	0.573161
GJB6	0.673443	0.480131	0.950042
FOXI3	0.975311	0.951168	0.998268
SLIT3	0.160663	0.452126	0.32564
SLIT2	0.064458	0.207557	0.340727
CDKN2A	0.761772	0.735915	0.965616
GPIHBP1	0.993494	0.894815	0.663374
NME1	0.968759	0.997301	0.955502
FREM3	0.984155	0.98926	0.987918
CYP4F3	0.980666	0.863988	0.850187
VSTM2L	0.96015	0.993708	0.97739
GSTM5	0.986724	0.894815	0.997861
CPT1B	0.97135	0.894815	0.950682
MCM4	0.591419	0.987642	0.399579
DUSP13	0.951993	0.996616	0.965003
OPRD1	0.955824	0.973206	0.706983
PKMYT1	0.990431	0.987559	0.802093
TF	0.427212	0.202588	0.653257
ANKRD18B	0.98385	0.977262	0.972421
ANKRD18A	0.956877	0.958947	0.802093
SH2D5	0.862394	0.668484	0.963731
SH2D6	0.990549	0.975596	0.802093
SLC25A48	0.862394	0.995445	0.277588
ADTRP	0.962233	0.995515	0.958277
MNX1	0.597348	0.847148	0.84632
P4HA3	0.984005	0.973654	0.95405
IL5RA	0.964363	0.989166	0.962644
STRIP2	0.862394	0.847148	0.990431
PEAR1	0.761772	0.863988	0.954019
VEPH1	0.994693	0.982355	0.90601
PROC	0.597348	0.668484	0.961767
MYBPC1	0.071626	0.357425	0.117051
TBX15	0.160663	0.977637	0.019326
CCNB2	0.959469	0.977914	0.983956
CCNB1	0.951379	0.951167	0.954691
FEZF1-AS1	0.951478	0.973477	0.978476
DDN	0.427212	0.536894	0.948603
ERN2	0.127247	0.536894	0.133614
RIMBP2	0.072091	0.383945	0.12567
IGKV6-21	0.985733	0.962498	0.951169
ECEL1	0.229414	0.980469	0.068685
TERT	0.862394	0.974412	0.97339
SYNPO2L	0.597348	0.997792	0.573161
PKD1L2	0.427212	0.357425	0.955914
PNMA3	0.597348	0.983103	0.573161
PNMA5	0.862394	0.668484	0.996628
PCOLCE2	0.975634	0.979533	0.50388
CNTNAP2	0.470362	0.955806	0.264221
DPEP1	0.597348	0.668484	0.983637
MAP7D2	0.427212	0.847148	0.50388
HORMAD1	0.673443	0.971887	0.447401
OR2B6	0.597348	0.668484	0.980851
GABBR2	0.766219	0.215128	0.50388
SSTR1	0.457556	0.894815	0.010554
SOX11	0.862394	0.668484	0.996792
SOX17	0.991386	0.990184	0.995989
HES6	0.673443	0.480131	0.989172
IGHV1-58	0.983925	0.966198	0.969579
PPFIA4	0.960642	0.974687	0.954337
TM4SF4	0.987064	0.951988	0.961186
HGD	0.960377	0.974771	0.706983
CILP	0.427212	0.29458	0.979216
PKP1	0.427212	0.436273	0.986752
METTL7B	0.973684	0.957304	0.964335
OACYLP	0.962934	0.973375	0.974484
TNNI3	0.97534	0.894815	0.307067
FOXA3	0.959546	0.894815	0.663374
LBP	0.96585	0.668484	0.715337
INSM1	0.953223	0.960704	0.968153
GAL	0.97936	0.956179	0.952107
LINC00887	0.968286	0.963301	0.977423
PDIA2	0.862394	0.996236	0.987177
DACH1	0.353137	0.626063	0.586277
MUC2	0.053881	0.05803	0.964206
MUC6	0.96844	0.325925	0.084286
MUC4	0.761772	0.735915	0.954758
ADRB2	0.673443	0.894815	0.983109
DNASE1L3	0.862394	0.966425	0.998783
HPDL	0.862394	0.964664	0.277588
CTHRC1	0.953629	0.967482	0.802093
UCN2	0.952764	0.973274	0.993251
TRIM10	0.311242	0.668484	0.447305
TRIM17	0.597348	0.979196	0.307067
AKR1C2	0.427212	0.989762	0.039621
AKR1C3	0.959218	0.974963	0.95167
NXPH3	0.98499	0.972492	0.957245
NXPH4	0.98215	0.958023	0.973584
ELAVL2	0.597348	0.29458	0.675122
CAMP	0.862394	0.983478	0.999281
C1orf220	0.954095	0.990592	0.986254
LYPD6B	0.862394	0.964051	0.663374
AC024940.1	0.951877	0.992581	0.95399
XDH	0.229414	0.29458	0.910723
PPBP	0.988498	0.962021	0.966103
DDIT4L	0.989339	0.963864	0.950321
SLC16A14	0.673443	0.957452	0.706983
SPINK1	0.975736	0.963224	0.985389
HAVCR1	0.427212	0.668484	0.728463
IL22RA2	0.597348	0.989263	0.573161
PTGES	0.955973	0.955228	0.999163
ANKRD29	0.862394	0.961183	0.277588
SOHLH2	0.597348	0.847148	0.84632
CA4	0.862394	0.971877	0.955534
UHRF1	0.957746	0.970169	0.978239
CELF5	0.993877	0.974797	0.963375
CELF3	0.862394	0.989508	0.953791
PTX3	0.991215	0.962157	0.706983
RAI2	0.975634	0.975298	0.728463
RSPO4	0.981641	0.480131	0.802093
EXO1	0.311242	0.357425	0.967835
AGMAT	0.171256	0.219796	0.959678
EPAS1	0.427212	0.357425	0.995308
ALOX15	0.971481	0.894815	0.955772
SEMA6D	0.071626	0.04085	0.848688
SEMA6A	0.979942	0.959504	0.562819
ASF1B	0.862394	0.969944	0.277588
IGHV4-80	0.999295	0.988286	0.958017
DUXAP10	0.973508	0.960623	0.950938
IGHV7-81	0.862394	0.951974	0.954484
SLC25A5P5	0.998064	0.976331	0.984687
OGDHL	0.283372	0.434306	0.715845
PI16	0.976017	0.668484	0.715337
MCIDAS	0.998275	0.959739	0.97824
RXFP1	0.968169	0.982497	0.98189
SOX21-AS1	0.978573	0.99905	0.99076
HGFAC	0.427212	0.668484	0.728463
TMPRSS4	0.997553	0.999315	0.706983
FAM83B	0.160663	0.142882	0.970006
FAM83A	0.427212	0.978449	0.039621
FAM83D	0.597348	0.847148	0.84632
NEK2	0.985631	0.992063	0.995741
SCG5	0.862394	0.994811	0.277588
IGHV1-24	0.967995	0.974003	0.993058
COLEC10	0.862394	0.999027	0.967843
AKAP14	0.998169	0.981509	0.950988
AKR7L	0.982841	0.987737	0.974321
ALG1L2	0.976464	0.950024	0.977781
PTPN21	0.960872	0.960252	0.970369
ADAMTS1	0.071626	0.436273	0.069886
ADAMTS8	0.983843	0.847148	0.988127
CDH5	0.986597	0.95471	0.982933
NETO1	0.053881	0.168734	0.32564
CILP2	0.998138	0.997969	0.832401
FGD5	0.983514	0.950471	0.732974
SLC5A9	0.862394	0.668484	0.97614
CARD14	0.862394	0.668484	0.952015
SLC6A3	0.955298	0.894815	0.307067
C12orf56	0.972906	0.988544	0.706983
GRM4	0.427212	0.357425	0.983485
IGLV3-21	0.982183	0.967225	0.706983
IGLV3-25	0.992186	0.97559	0.802093
EPN3	0.98018	0.96468	0.985294
FGF20	0.982132	0.98407	0.996874
YWHAEP7	0.952289	0.971259	0.97482
ECT2	0.597348	0.999586	0.573161
NECAB1	0.862394	0.986105	0.277588
PVT1	0.997574	0.960055	0.954414
SPOCK1	0.311242	0.536894	0.637091
SPOCK2	0.997268	0.963792	0.996253
SLC5A5	0.597348	0.950499	0.307067
GRHL3	0.961817	0.969749	0.994368
GCLC	0.761772	0.987263	0.447305
ALB	0.311242	0.974563	0.145706
LILRA5	0.998703	0.96704	0.996369
AK4P1	0.961504	0.972441	0.984834
KIRREL2	0.170411	0.29458	0.655639
TGFBR3	0.095355	0.29458	0.291079
SRMS	0.975634	0.999804	0.728463
MLLT11	0.985631	0.965692	0.998513
LINC00519	0.957504	0.9679	0.968869
LINC00511	0.982966	0.968233	0.951977
SOX7	0.311242	0.668484	0.447305
INHBE	0.862394	0.970136	0.663374
TSHR	0.127247	0.436273	0.216881
SH2D3C	0.995298	0.863988	0.528045
CDA	0.997185	0.995932	0.963459
ABCC2	0.311242	0.357425	0.972823
ABCC3	0.427212	0.536894	0.948603
IGHV1OR21-1	0.272035	0.626063	0.401493
ENPP3	0.975634	0.979278	0.956712
UPK3B	0.955812	0.970377	0.962903
UPK3A	0.597348	0.994807	0.103043
TMPRSS11E	0.597348	0.140826	0.236702
COX4I2	0.996215	0.993734	0.980215
TMEM212	0.966463	0.991839	0.96151
MCM10	0.095355	0.847148	0.016721
IGFBPL1	0.955245	0.955933	0.952437
SIX1	0.597348	0.972012	0.103043
CFHR3	0.229414	0.536894	0.399579
TMEM145	0.975634	0.863988	0.957792
RTKN2	0.966671	0.847148	0.988127
FER1L4	0.96071	0.991372	0.956206
SMOC1	0.229414	0.436273	0.562819
MYBL2	0.311242	0.847148	0.278441
TTC3-AS1	0.991071	0.951524	0.964175
HABP2	0.597348	0.847148	0.84632
NDRG4	0.955487	0.847148	0.988127
HMGB2P1	0.985012	0.999416	0.987741
TTYH1	0.311242	0.984744	0.145706
IGKV1-39	0.965433	0.98394	0.952651
HNF4G	0.995849	0.950049	0.984228
HNF4A	0.761772	0.532183	0.922624
HELLS	0.862394	0.985163	0.961037
FSIP2	0.272035	0.198949	0.967954
IGHV5-51	0.862394	0.668484	0.951579
ANGPT1	0.862394	0.436273	0.696917
ANGPT4	0.311242	0.436273	0.832401
IGLV2-14	0.955088	0.950774	0.966848
IGLV2-18	0.862394	0.997519	0.987996
SCARA5	0.975634	0.971867	0.50388
USH1C	0.127247	0.243875	0.586277
KBTBD12	0.960526	0.847148	0.988127
FPR2	0.597348	0.668484	0.978804
IGKV1-5	0.427212	0.29458	0.979216
IGKV1-6	0.967046	0.668484	0.293186
IGKV1-8	0.597348	0.847148	0.84632
IGKV1-9	0.990541	0.951835	0.954896
FRMD5	0.98467	0.995512	0.967266
PKNOX2	0.311242	0.436273	0.832401
FRMD3	0.957231	0.954849	0.987666
PRX	0.997598	0.961875	0.95779
SPDYE3	0.862394	0.977435	0.663374
TMEM59L	0.989533	0.961275	0.976058
NKX3-2	0.597348	0.987234	0.573161
CPNE7	0.999277	0.956944	0.958701
CPNE4	0.311242	0.243875	0.953749
DNMT3B	0.311242	0.536894	0.637091
ESPL1	0.978554	0.951622	0.962232
SULT4A1	0.862394	0.960134	0.995407
C20orf202	0.987254	0.962727	0.990505
COL10A1	0.229414	0.97	0.068685
CHKB-CPT1B	0.978025	0.979466	0.994668
RS1	0.995794	0.480131	0.802093
E2F7	0.229414	0.357425	0.736527
E2F2	0.985979	0.668484	0.715337
E2F8	0.862394	0.847148	0.989566
SNORA22	0.962815	0.982334	0.996244
PYCR1	0.974502	0.964918	0.974611
IL36G	0.597348	0.668484	0.954502
LIPN	0.862394	0.960162	0.663374
CD300LG	0.862394	0.668484	0.98741
FEZ1	0.427212	0.847148	0.50388
ZG16B	0.862394	0.977012	0.663374
FOXD1	0.954137	0.957356	0.802093
C11orf91	0.974164	0.962749	0.981626
WDR38	0.984898	0.847148	0.988127
ASPHD1	0.427212	0.981226	0.297331
ACHE	0.862394	0.986853	0.663374
PRB3	0.993874	0.967088	0.9912
GDA	0.427212	0.357425	0.996114
PTPRQ	0.981845	0.965242	0.975563
PTPRB	0.041907	0.168637	0.259001
PTPRN	0.357493	0.998317	0.066575
PTPRH	0.053881	0.168734	0.32564
SAA2	0.985738	0.988994	0.953697
LINC00857	0.952207	0.966676	0.998266
AUNIP	0.978358	0.957553	0.982892
CDC6	0.956085	0.847148	0.447401
FGF2	0.955315	0.986788	0.970239
LTBP4	0.862394	0.668484	0.955001
ECEL1P2	0.993477	0.975667	0.955187
SLC25A10	0.597348	0.957706	0.573161
VIT	0.427212	0.29458	0.979216
TMEM88B	0.977751	0.983265	0.976099
COX6B2	0.996953	0.95012	0.989357
CLDN9	0.961346	0.974671	0.958835
CLDN5	0.99036	0.955717	0.962949
CLDN6	0.962531	0.984362	0.977674
LGALS7B	0.954055	0.996333	0.955799
SNX22	0.968371	0.999325	0.993013
PANX2	0.997302	0.961805	0.968801
ZBTB16	0.427212	0.668484	0.728463
C1orf158	0.954645	0.997934	0.983635
LINC00460	0.950817	0.98448	0.966537
ACMSD	0.862394	0.978094	0.663374
CRLF1	0.975634	0.957981	0.297331
TNFRSF18	0.97417	0.971427	0.802093
CHODL	0.311242	0.954873	0.145706
CLEC3B	0.964235	0.982005	0.974676
AMBP	0.998664	0.954204	0.988127
CYP2F1	0.982975	0.951146	0.972728
VWFP1	0.984594	0.969884	0.975109
MIR4653	0.966882	0.969245	0.961561
IGKV2D-30	0.427212	0.668484	0.728463
MEG8	0.950825	0.977242	0.994629
IL31RA	0.862394	0.202588	0.216654
IGLV9-49	0.95043	0.964763	0.706983
CALCA	0.311242	0.847148	0.278441
CALCB	0.987462	0.993544	0.985109
IGLV2-8	0.964149	0.99171	0.970825
CKM	0.980877	0.847148	0.447401
IGLV2-5	0.964622	0.987931	0.982077
ARHGAP6	0.160663	0.996325	0.019326
ANXA10	0.962994	0.990622	0.962046
CD79A	0.976807	0.971263	0.975918
CATSPERD	0.957551	0.955225	0.90601
CATSPERB	0.972902	0.847148	0.447401
FAM178B	0.993142	0.971774	0.997362
TRHDE	0.357493	0.659981	0.538838
HOXC9	0.98409	0.96794	0.953923
HOXC8	0.964475	0.98457	0.953431
IGHV7-4-1	0.98355	0.989321	0.992613
IGLJ2	0.951826	0.979176	0.956065
IGKV3OR2-268	0.998821	0.999207	0.970985
CXCL13	0.976195	0.992149	0.999841
CXCL14	0.972474	0.9732	0.986806
HCN1	0.00229	0.011906	0.28968
HCN2	0.968639	0.988599	0.976363
GOLGA7B	0.969879	0.985659	0.955254
SIM2	0.311242	0.963972	0.058687
MEX3A	0.99593	0.984321	0.966574
MIR5195	0.986855	0.981884	0.992918
TEK	0.341334	0.008123	0.277588
DEPDC1	0.862394	0.436273	0.696917
DEPDC7	0.965155	0.951288	0.952919
STXBP6	0.597348	0.989982	0.307067
S1PR1	0.761772	0.995138	0.278441
DMBX1	0.427212	0.243875	0.806211
PRKCG	0.127247	0.357425	0.322657
SNORA14B	0.982324	0.977072	0.966446
IGHV4-31	0.597348	0.969013	0.573161
STIL	0.597348	0.536894	0.964779
FAM162B	0.959803	0.95159	0.802093
IL6	0.972108	0.958032	0.706983
RAMP1	0.990803	0.977946	0.982414
RAMP3	0.962424	0.982464	0.989378
RAMP2	0.97024	0.996042	0.977239
CENPU	0.998883	0.480131	0.277588
CGREF1	0.862394	0.981538	0.663374
MTHFD1P1	0.972892	0.955121	0.954636
ANLN	0.427212	0.357425	0.98623
GDF10	0.591419	0.452126	0.959839
MYH16	0.960939	0.967157	0.964333
IGHV3OR16-12	0.952482	0.989459	0.961427
IGHV3OR16-15	0.984833	0.983283	0.983143
CGNL1	0.961615	0.995857	0.512762
LINC00543	0.986147	0.955892	0.964768
IGKV1D-17	0.591419	0.963047	0.257458
IGKV1D-16	0.170411	0.436273	0.358499
IGKV1D-13	0.983988	0.96256	0.715337
IGKV1D-12	0.427212	0.847148	0.50388
SLC9A2	0.427212	0.357425	0.973725
SLC9A3	0.673443	0.735915	0.062491
ARHGEF39	0.673443	0.480131	0.99736
TBX4	0.457556	0.626063	0.815742
FAP	0.170411	0.536894	0.236662
C1QL1	0.974752	0.977688	0.983254
SCN7A	0.160663	0.325925	0.538838
IGHV3-53	0.591419	0.961753	0.068685
IGHV3-52	0.993923	0.956563	0.959731
SEMA3G	0.995613	0.985167	0.983273
DDX11-AS1	0.951024	0.956406	0.964175
SNORD14E	0.984341	0.975034	0.975167
C20orf85	0.988029	0.847148	0.988127
C1QTNF6	0.992946	0.97197	0.959416
C17orf78	0.862394	0.966385	0.990123
PRR11	0.995967	0.996654	0.993056
LINC00032	0.991843	0.995848	0.981166
HNRNPA1P27	0.979467	0.962075	0.982207
SRGAP3-AS2	0.99574	0.970683	0.986906
A2ML1	0.053881	0.098526	0.658831
MYOC	0.229414	0.29458	0.910723
ERVH48-1	0.950733	0.955342	0.97365
INSRR	0.041907	0.234616	0.146016
FOSB	0.961633	0.984954	0.965095
MYT1	0.053881	0.168734	0.32564
TCF24	0.973448	0.999784	0.991348
TMEM171	0.597348	0.980248	0.307067
APOLD1	0.970847	0.965729	0.706983
IGLV3-1	0.956039	0.984071	0.968392
IGLV3-9	0.962434	0.894815	0.971907
S100P	0.972615	0.978201	0.958074
CASP12	0.963372	0.986843	0.973382
CYP27C1	0.970243	0.95909	0.970833
DQX1	0.862394	0.536894	0.90601
HSF2BP	0.95603	0.962399	0.98541
DLC1	0.636584	0.955709	0.32564
ORC6	0.954967	0.992037	0.987134
ORC1	0.962549	0.991312	0.959643
SBSN	0.427212	0.357425	0.972257
CNTFR	0.597348	0.994632	0.307067
BARX2	0.976874	0.961619	0.968032
CABYR	0.978376	0.668484	0.715337
BARX1	0.992823	0.970206	0.977895
ADAMTS9-AS1	0.981031	0.970043	0.984834
PGLYRP1	0.862394	0.982302	0.277588
ACRV1	0.862394	0.984979	0.277588
RN7SL674P	0.989016	0.96945	0.983528
PGLYRP4	0.597348	0.847148	0.84632
RGS20	0.862394	0.668484	0.963688
RECQL4	0.862394	0.847148	0.965868
SAA1	0.978702	0.961749	0.952301
C20orf197	0.982671	0.966946	0.977677
CHEK1	0.862394	0.966669	0.990863
GINS2	0.983832	0.96571	0.991134
GINS1	0.965084	0.957535	0.951039
GINS4	0.862394	0.994596	0.663374
PLD5	0.862394	0.357425	0.528045
C6	0.272035	0.626063	0.401493
CP	0.427212	0.847148	0.50388
PROX1-AS1	0.980618	0.971195	0.952854
CASKIN1	0.311242	0.536894	0.637091
IL7R	0.524985	0.623553	0.019684
SATB2-AS1	0.992473	0.989559	0.96336
FAM131C	0.994355	0.975311	0.802093
IGHV7-56	0.96441	0.962028	0.991084
TRIP13	0.862394	0.29458	0.395586
FGFBP2	0.994604	0.978595	0.951771
TCL6	0.673443	0.480131	0.980104
RPL13AP17	0.967152	0.955125	0.999175
PLEK2	0.991075	0.992652	0.706983
TCTE1	0.978512	0.99177	0.976749
SNORA5A	0.988847	0.999329	0.986292
CLSPN	0.975634	0.962691	0.948603
SLC2A1-AS1	0.99805	0.980887	0.977974
MUC3A	0.272035	0.735915	0.291079
PACSIN1	0.960722	0.668484	0.715337
IGKV5-2	0.597348	0.979866	0.307067
HAL	0.980847	0.968385	0.96597
LRRC71	0.961258	0.480131	0.802093
TRIM31-AS1	0.997041	0.977168	0.979184
SCARNA6	0.971817	0.994401	0.977201
LGSN	0.998031	0.986855	0.573161
IGKV7-3	0.990083	0.983409	0.989249
ANKRD36BP2	0.988669	0.993188	0.966766
TOX3	0.427212	0.977678	0.13583
PCSK1N	0.987741	0.999446	0.960293
PRG4	0.429571	0.623553	0.010032
FAM133A	0.994876	0.965274	0.964575
HNF1A	0.97792	0.969341	0.706983
PROM2	0.969547	0.668484	0.715337
CSF3	0.974193	0.988432	0.98794
CNTN6	0.761772	0.383945	0.632083
SNORD72	0.957827	0.990608	0.969755
CNGA1	0.763154	0.421721	0.988477
CNGA3	0.311242	0.668484	0.447305
AIM2	0.427212	0.847148	0.50388
TRIM31	0.964528	0.969124	0.977466
FAM107A	0.978885	0.954547	0.986244
IQGAP3	0.229414	0.29458	0.910723
TUBA4B	0.990644	0.961871	0.981978
RNF183	0.979277	0.986291	0.985901
MROH6	0.862394	0.993377	0.663374
SYT12	0.974975	0.480131	0.277588
SYT13	0.975356	0.863988	0.528045
SYT16	0.095355	0.536894	0.072457
SYT14	0.311242	0.436273	0.832401
SYT15	0.862394	0.668484	0.986884
NDP	0.953615	0.977987	0.993332
UBE2QL1	0.96627	0.973828	0.995143
MRC1	0.597348	0.972524	0.307067
SPC24	0.95719	0.973938	0.970079
KL	0.311242	0.357425	0.954351
HSPA12B	0.959282	0.436273	0.365707
GPM6A	0.427212	0.993868	0.297331
KIF25-AS1	0.975447	0.994754	0.963394
ABCA8	0.427212	0.243875	0.806211
F5	0.03055	0.04085	0.883433
F7	0.427212	0.668484	0.728463
HTR3A	0.229414	0.668484	0.257458
DYNLRB2	0.965225	0.847148	0.447401
PDZD2	0.980983	0.859597	0.769128
VSIG1	0.961838	0.9523	0.959851
KCND2	0.692632	0.859597	0.881675
TCAM1P	0.985341	0.990466	0.95108
NGEF	0.990076	0.987036	0.959098
LY6D	0.862394	0.999612	0.663374
LY6K	0.967665	0.480131	0.802093
SERPINA5	0.761772	0.863988	0.950193
TSPAN8	0.987568	0.847148	0.447401
IGHV4-28	0.862394	0.994708	0.998635
XKRX	0.993007	0.950423	0.99832
LINC00665	0.96077	0.953522	0.977392
GOLM1	0.983791	0.967321	0.99349
XKR9	0.427212	0.847148	0.50388
CALML3-AS1	0.975596	0.953683	0.961951
HJURP	0.597348	0.668484	0.955617
DOK5	0.966527	0.999387	0.573161
RAB3B	0.982959	0.986559	0.973476
GDNF	0.862394	0.668484	0.963768
PPP2R2C	0.597348	0.668484	0.962518
TTK	0.597348	0.202588	0.408187
MIOX	0.975227	0.971514	0.706983
MYEOV	0.862394	0.668484	0.95916
SRPK3	0.988182	0.967707	0.973126
ITIH5	0.123191	0.532183	0.151092
TONSL	0.311242	0.964656	0.145706
KIF5A	0.160663	0.735915	0.108632
MASP1	0.591419	0.452126	0.988246
CDK1	0.970788	0.980464	0.802093
ECSCR	0.998674	0.993003	0.999678
RAD51	0.978481	0.95197	0.802093
IGKV4-1	0.862394	0.997469	0.663374
ADRB1	0.967257	0.976015	0.802093
SIRPB1	0.597348	0.847148	0.84632
SMPX	0.997784	0.990149	0.954423
C14orf39	0.862394	0.95476	0.970075
RMDN2-AS1	0.960858	0.951662	0.990547
HOXC6	0.954027	0.966997	0.972171
TFF1	0.994565	0.976396	0.802093
ABCC13	0.97154	0.977254	0.996402
ABCC11	0.072091	0.276576	0.240629
DEPDC1B	0.862394	0.847148	0.963327
ANO2	0.849903	0.967593	0.655639
COL3A1	0.038281	0.069377	0.672697
MYZAP	0.999673	0.983433	0.998926
APOBEC3B	0.955892	0.980975	0.960523
C10orf67	0.983581	0.982602	0.950404
SLC1A7	0.967898	0.97163	0.995815
SLC1A1	0.597348	0.968316	0.573161
SLC2A5	0.966645	0.976381	0.992433
FA2H	0.991021	0.997614	0.706983
SLC2A1	0.994481	0.997663	0.994041
CEACAM1	0.962617	0.968658	0.991923
CEACAM5	0.427212	0.847148	0.50388
CEACAM7	0.964797	0.997231	0.802093
CEACAM8	0.862394	0.847148	0.962965
FZD9	0.862394	0.98966	0.969164
NAT8L	0.972226	0.991392	0.802093
FMO2	0.229414	0.436273	0.562819
STX1A	0.966681	0.985386	0.983011
KRT80	0.973671	0.536894	0.196081
KRT81	0.972151	0.98435	0.802093
STX11	0.978393	0.847148	0.447401
STK31	0.992542	0.735915	0.675122
DPP6	0.123191	0.383945	0.294061
BCAN	0.457556	0.452126	0.995423
DUSP9	0.597348	0.847148	0.84632
DUSP4	0.862394	0.952286	0.277588
OR51E1	0.427212	0.957861	0.13583
TRPA1	0.004114	0.020233	0.282503
RHCG	0.427212	0.668484	0.728463
AHNAK2	0.025379	0.038706	0.768874
SCN4A	0.849903	0.575527	0.834896
SCN4B	0.993461	0.978073	0.962159
IGHV3-60	0.962026	0.962339	0.978158
IGHV3-62	0.987742	0.956996	0.994973
IGHV3-64	0.959169	0.957835	0.977459
IGHV3-66	0.862394	0.983235	0.663374
KCNQ5	0.761772	0.98544	0.832401
KCNQ3	0.955469	0.863988	0.260105
UNC5CL	0.862394	0.980507	0.951247
TNNC1	0.958014	0.995073	0.999898
TNNC2	0.862394	0.970947	0.277588
CYP3A7	0.977461	0.480131	0.277588
AFAP1-AS1	0.975528	0.963132	0.996703
LDB2	0.427212	0.140826	0.412183
MYH2	0.001829	0.037209	0.049625
TBX18	0.591419	0.995842	0.399579
PIP5K1B	0.862394	0.847148	0.995508
GPR35	0.965562	0.999379	0.90601
GPR37	0.597348	0.202588	0.408187
TRIM72	0.862394	0.243875	0.293774
RPL23AP77	0.97231	0.950574	0.959546
TRAPPC3L	0.995836	0.975945	0.976552
CLDN10	0.597348	0.668484	0.957161
CLDN18	0.957511	0.668484	0.293186
LINC00707	0.960559	0.993022	0.97243
LINC00702	0.977352	0.978825	0.990532
C1ORF220	0.862394	0.993036	0.663374
GPX3	0.990987	0.982486	0.999579
GPX2	0.987539	0.984144	0.802093
NTS	0.862394	0.847148	0.974848
NTM	0.559461	0.626985	0.016721
ST6GALNAC5	0.862394	0.29458	0.395586
MCHR1	0.862394	0.992671	0.950294
SAPCD2	0.955057	0.988292	0.977927
LINGO1	0.965824	0.219796	0.058687
STYK1	0.862394	0.972398	0.955313
ARC	0.597348	0.985515	0.573161
SFTPA2	0.862394	0.968573	0.986539
SFTPA1	0.597348	0.847148	0.84632
MEGF10	0.223561	0.975246	0.092643
CPS1	0.070002	0.312995	0.204338
IGKV3-20	0.862394	0.969292	0.950987
SELE	0.999112	0.987639	0.399579
RMI2	0.981278	0.95612	0.951774
IGKV1D-43	0.761772	0.995471	0.145706
SLC7A10	0.982061	0.97353	0.978824
SLC7A11	0.976995	0.993027	0.978174
SELP	0.127247	0.05803	0.680734
total_mutations	0.979453	0.961507	0.965819
